"SampleID","PlateID","ScatID","Collection_Date","Collection_Location"
"16OP0430","SpID.0092","PG001",NA,NA
"16OP0431","SpID.0092","PG002",NA,NA
"16OP0432","SpID.0092","PG003",NA,NA
"16OP0433","SpID.0092","PG004",NA,NA
"16OP0434","SpID.0092","PG005",NA,NA
"16OP0435","SpID.0092","PG006",NA,NA
"16OP0436","SpID.0092","PG007",NA,NA
"16OP0437","SpID.0092","PG008",NA,NA
"16OP0438","SpID.0092","PG009",NA,NA
"16OP0439","SpID.0092","PG010",NA,NA
"16OP0440","SpID.0092","PG011",NA,NA
"16OP0441","SpID.0092","PG012",NA,NA
"16OP0442","SpID.0093","PG013",NA,NA
"16OP0443","SpID.0093","PG014",NA,NA
"16OP0444","SpID.0093","PG015",NA,NA
"16OP0445","SpID.0093","PG016",NA,NA
"16OP0446","SpID.0093","PG017",NA,NA
"16OP0447","SpID.0093","PG018",NA,NA
"16OP0448","SpID.0093","PG019",NA,NA
"16OP0449","SpID.0093","PG020",NA,NA
"16OP0450","SpID.0093","PG021",NA,NA
"16OP0451","SpID.0093","PG022",NA,NA
"16OP0452","SpID.0093","PG023",NA,NA
"16OP0453","SpID.0093","PG024",NA,NA
"16OP0454","SpID.0093","PG025",NA,NA
"16OP0455","SpID.0093","PG026",NA,NA
"16OP0456","SpID.0093","PG027",NA,NA
"16OP0457","SpID.0093","PG028",NA,NA
"16OP0458","SpID.0093","PG029",NA,NA
"16OP0459","SpID.0093","PG030",NA,NA
"16OP0460","SpID.0093","PG031",NA,NA
"16OP0461","SpID.0093","PG032",NA,NA
"16OP0462","SpID.0093","PG033",NA,NA
"16OP0463","SpID.0093","PG034",NA,NA
"16OP0464","SpID.0093","PG035",NA,NA
"16OP0465","SpID.0093","PG036",NA,NA
"16OP0466","SpID.0093","PG037",NA,NA
"16OP0467","SpID.0093","PG038",NA,NA
"16OP0468","SpID.0093","PG039",NA,NA
"16OP0469","SpID.0093","PG040",NA,NA
"16OP0470","SpID.0093","PG041",NA,NA
"16OP0471","SpID.0093","PG042",NA,NA
"16OP0472","SpID.0093","PG043",NA,NA
"16OP0473","SpID.0093","PG044",NA,NA
"16OP0474","SpID.0093","PG045",NA,NA
"16OP0475","SpID.0093","PG046",NA,NA
"16OP0476","SpID.0093","PG047",NA,NA
"16OP0477","SpID.0093","PG048",NA,NA
"16OP0478","SpID.0093","PG049",NA,NA
"16OP0479","SpID.0093","PG050",NA,NA
"16OP0480","SpID.0093","PG051",NA,NA
"16OP0481","SpID.0093","PG052",NA,NA
"16OP0482","SpID.0093","PG053",NA,NA
"16OP0483","SpID.0093","PG054",NA,NA
"16OP0484","SpID.0093","PG055",NA,NA
"16OP0485","SpID.0093","PG056",NA,NA
"16OP0486","SpID.0093","PG057",NA,NA
"16OP0487","SpID.0093","PG058",NA,NA
"16MA0001","SpID.0075","Pv16-001","21-Mar-16","Woodard Bay"
"16MA0002","SpID.0075","Pv16-002","21-Mar-16","Woodard Bay"
"16MA0003","SpID.0075","Pv16-003","21-Mar-16","Woodard Bay"
"16MA0004","SpID.0075","Pv16-004","21-Mar-16","Woodard Bay"
"16MA0005","SpID.0075","Pv16-005","21-Mar-16","Woodard Bay"
"16MA0006","SpID.0075","Pv16-006","21-Mar-16","Eagle Island"
"16MA0007","SpID.0075","Pv16-007","21-Mar-16","Eagle Island"
"16MA0008","SpID.0075","Pv16-008","21-Mar-16","Still Harbor"
"16MA0009","SpID.0075","Pv16-009","21-Mar-16","Still Harbor"
"16MA0010","SpID.0075","Pv16-010","18-Mar-16","Eagle Island"
"16MA0011","SpID.0075","Pv16-011","18-Mar-16","Eagle Island"
"16MA0012","SpID.0075","Pv16-012","18-Mar-16","Eagle Island"
"16MA0013","SpID.0075","Pv16-013","18-Mar-16","Still Harbor"
"16MA0014","SpID.0075","Pv16-014","18-Mar-16","Cutts Island"
"16MA0015","SpID.0075","Pv16-015","18-Mar-16","Cutts Island"
"16MA0016","SpID.0075","Pv16-016","18-Mar-16","Cutts Island"
"16MA0017","SpID.0075","Pv16-017","18-Mar-16","Woodard Bay"
"16MA0018","SpID.0075","Pv16-018","18-Mar-16","Woodard Bay"
"16MA0019","SpID.0075","Pv16-019","18-Mar-16","Woodard Bay"
"16MA0020","SpID.0075","Pv16-020","18-Mar-16","Woodard Bay"
"16MA0021","SpID.0075","Pv16-021","18-Mar-16","Woodard Bay"
"16MA0022","SpID.0075","Pv16-022","18-Mar-16","Woodard Bay"
"16MA0023","SpID.0075","Pv16-023","18-Mar-16","Woodard Bay"
"16MA0024","SpID.0075","Pv16-024","18-Mar-16","Woodard Bay"
"16MA0025","SpID.0075","Pv16-025","18-Mar-16","Woodard Bay"
"16MA0026","SpID.0075","Pv16-026","18-Mar-16","Woodard Bay"
"16MA0027","SpID.0075","Pv16-027","18-Mar-16","Woodard Bay"
"16MA0028","SpID.0075","Pv16-028","18-Mar-16","Woodard Bay"
"16MA0029","SpID.0075","Pv16-029","18-Mar-16","Woodard Bay"
"16MA0030","SpID.0075","Pv16-030","18-Mar-16","Woodard Bay"
"16MA0031","SpID.0075","Pv16-031","5-Feb-16","Eagle Island"
"16MA0032","SpID.0075","Pv16-032","5-Feb-16","Eagle Island"
"16MA0033","SpID.0075","Pv16-033","5-Feb-16","Eagle Island"
"16MA0034","SpID.0075","Pv16-034","5-Feb-16","Eagle Island"
"16MA0035","SpID.0075","Pv16-035","5-Feb-16","Eagle Island"
"16MA0036","SpID.0075","Pv16-036","5-Feb-16","Eagle Island"
"16MA0037","SpID.0075","Pv16-037","5-Feb-16","Eagle Island"
"16MA0038","SpID.0075","Pv16-038","5-Feb-16","Eagle Island"
"16MA0039","SpID.0075","Pv16-039","5-Feb-16","Eagle Island"
"16MA0040","SpID.0075","Pv16-040","5-Feb-16","Eagle Island"
"16MA0041","SpID.0075","Pv16-041","5-Feb-16","Eagle Island"
"16MA0042","SpID.0075","Pv16-042","5-Feb-16","Eagle Island"
"16MA0043","SpID.0075","Pv16-043","5-Feb-16","Eagle Island"
"16MA0044","SpID.0075","Pv16-044","5-Feb-16","Eagle Island"
"16MA0045","SpID.0075","Pv16-045","5-Feb-16","Eagle Island"
"16MA0046","SpID.0075","Pv16-046","5-Feb-16","Eagle Island"
"16MA0047","SpID.0075","Pv16-047","5-Feb-16","Eagle Island"
"16MA0048","SpID.0075","Pv16-048","5-Feb-16","Eagle Island"
"16MA0049","SpID.0075","Pv16-049","5-Feb-16","Eagle Island"
"16MA0050","SpID.0075","Pv16-050","5-Feb-16","Eagle Island"
"16MA0051","SpID.0075","Pv16-051","5-Feb-16","Eagle Island"
"16MA0052","SpID.0075","Pv16-052","5-Feb-16","Woodard Bay"
"16MA0053","SpID.0075","Pv16-053","5-Feb-16","Woodard Bay"
"16MA0054","SpID.0075","Pv16-054","5-Feb-16","Woodard Bay"
"16MA0055","SpID.0075","Pv16-055","5-Feb-16","Woodard Bay"
"16MA0056","SpID.0075","Pv16-056","5-Feb-16","Woodard Bay"
"16MA0057","SpID.0075","Pv16-057","5-Feb-16","Woodard Bay"
"16MA0058","SpID.0075","Pv16-058","5-Feb-16","Woodard Bay"
"16MA0059","SpID.0075","Pv16-059","5-Feb-16","Woodard Bay"
"16MA0060","SpID.0075","Pv16-060","5-Feb-16","Woodard Bay"
"16MA0061","SpID.0075","Pv16-061","5-Feb-16","Woodard Bay"
"16MA0062","SpID.0075","Pv16-062","5-Feb-16","Woodard Bay"
"16MA0063","SpID.0075","Pv16-064","5-Feb-16","Woodard Bay"
"16MA0064","SpID.0075","Pv16-065","5-Feb-16","Woodard Bay"
"16MA0065","SpID.0075","Pv16-066","5-Feb-16","Woodard Bay"
"16MA0066","SpID.0075","Pv16-067","5-Feb-16","Woodard Bay"
"16MA0067","SpID.0075","Pv16-068","5-Feb-16","Woodard Bay"
"16MA0068","SpID.0075","Pv16-069","5-Feb-16","Woodard Bay"
"16MA0069","SpID.0075","Pv16-070","5-Feb-16","Woodard Bay"
"16MA0070","SpID.0075","Pv16-071","5-Feb-16","Woodard Bay"
"16MA0071","SpID.0075","Pv16-072","5-Feb-16","Woodard Bay"
"16MA0072","SpID.0075","Pv16-073","5-Feb-16","Woodard Bay"
"16MA0073","SpID.0075","Pv16-074","5-Feb-16","Woodard Bay"
"16MA0074","SpID.0075","Pv16-075","5-Feb-16","Woodard Bay"
"16MA0075","SpID.0075","Pv16-076","5-Feb-16","Woodard Bay"
"16MA0076","SpID.0075","Pv16-077","5-Feb-16","Woodard Bay"
"16MA0077","SpID.0075","Pv16-078","5-Feb-16","Woodard Bay"
"16MA0078","SpID.0075","Pv16-079","5-Feb-16","Woodard Bay"
"16MA0079","SpID.0075","Pv16-080","5-Feb-16","Woodard Bay"
"16MA0080","SpID.0075","Pv16-081","5-Feb-16","Woodard Bay"
"16MA0081","SpID.0075","Pv16-082","5-Feb-16","Woodard Bay"
"16MA0082","SpID.0075","Pv16-083","5-Feb-16","Woodard Bay"
"16MA0083","SpID.0075","Pv16-084","",""
"16MA0084","SpID.0075","Pv16-085","5-Feb-16","Woodard Bay"
"16MA0085","SpID.0075","Pv16-086","5-Feb-16","Woodard Bay"
"16MA0086","SpID.0075","Pv16-088","5-Feb-16","Woodard Bay"
"16MA0087","SpID.0075","Pv16-089","22-Apr-16","Clam Bay"
"16MA0088","SpID.0075","Pv16-090","5-Feb-16","Seal Beach"
"16MA0089","SpID.0076","Pv16-091","5-Feb-16","Seal Beach"
"16MA0090","SpID.0076","Pv16-092","5-Feb-16","Still Harbor"
"16MA0091","SpID.0076","Pv16-093","5-Feb-16","Still Harbor"
"16MA0092","SpID.0076","Pv16-094","5-Feb-16","Still Harbor"
"16MA0093","SpID.0076","Pv16-095","5-Feb-16","Still Harbor"
"16MA0094","SpID.0076","Pv16-096","5-Feb-16","Still Harbor"
"16MA0095","SpID.0076","Pv16-097","5-Feb-16","Still Harbor"
"16MA0096","SpID.0076","Pv16-098","5-Feb-16","Still Harbor"
"16MA0097","SpID.0076","Pv16-099","1-Feb-16","Still Harbor"
"16MA0098","SpID.0076","Pv16-100","1-Feb-16","Still Harbor"
"16MA0099","SpID.0076","Pv16-101","1-Feb-16","Still Harbor"
"16MA0100","SpID.0076","Pv16-102","1-Feb-16","Still Harbor"
"16MA0101","SpID.0076","Pv16-103","1-Feb-16","Still Harbor"
"16MA0102","SpID.0076","Pv16-104","1-Feb-16","Still Harbor"
"16MA0103","SpID.0076","Pv16-105","1-Feb-16","Still Harbor"
"16MA0104","SpID.0076","Pv16-106","1-Feb-16","Still Harbor"
"16MA0105","SpID.0076","Pv16-107","1-Feb-16","Still Harbor"
"16MA0106","SpID.0076","Pv16-108","1-Feb-16","Still Harbor"
"16MA0107","SpID.0076","Pv16-109","25-Jan-16","Still Harbor"
"16MA0108","SpID.0076","Pv16-110","25-Jan-16","Still Harbor"
"16MA0109","SpID.0076","Pv16-111","25-Jan-16","Still Harbor"
"16MA0110","SpID.0076","Pv16-112","25-Jan-16","Still Harbor"
"16MA0111","SpID.0076","Pv16-113","25-Jan-16","Still Harbor"
"16MA0112","SpID.0076","Pv16-114","25-Jan-16","Still Harbor"
"16MA0113","SpID.0076","Pv16-115","25-Jan-16","Still Harbor"
"16MA0114","SpID.0076","Pv16-116","25-Jan-16","Still Harbor"
"16MA0115","SpID.0076","Pv16-117","25-Jan-16","Still Harbor"
"16MA0116","SpID.0076","Pv16-118","25-Jan-16","Still Harbor"
"16MA0117","SpID.0076","Pv16-119","25-Jan-16","Still Harbor"
"16MA0118","SpID.0076","Pv16-120","25-Jan-16","Still Harbor"
"16MA0119","SpID.0076","Pv16-121","25-Jan-16","Still Harbor"
"16MA0120","SpID.0076","Pv16-122","25-Jan-16","Still Harbor"
"16MA0121","SpID.0076","Pv16-123","17-Feb-16","Still Harbor"
"16MA0122","SpID.0076","Pv16-124","17-Feb-16","Still Harbor"
"16MA0123","SpID.0076","Pv16-125","17-Feb-16","Woodard Bay"
"16MA0124","SpID.0076","Pv16-126","17-Feb-16","Woodard Bay"
"16MA0125","SpID.0076","Pv16-127","17-Feb-16","Woodard Bay"
"16MA0126","SpID.0076","Pv16-128","17-Feb-16","Woodard Bay"
"16MA0127","SpID.0076","Pv16-129","17-Feb-16","Woodard Bay"
"16MA0128","SpID.0076","Pv16-130","17-Feb-16","Woodard Bay"
"16MA0129","SpID.0076","Pv16-131","17-Feb-16","Woodard Bay"
"16MA0130","SpID.0076","Pv16-132","17-Feb-16","Woodard Bay"
"16MA0131","SpID.0076","Pv16-133","17-Feb-16","Woodard Bay"
"16MA0132","SpID.0076","Pv16-134","17-Feb-16","Woodard Bay"
"16MA0133","SpID.0076","Pv16-135","17-Feb-16","Woodard Bay"
"16MA0134","SpID.0076","Pv16-136","17-Feb-16","Woodard Bay"
"16MA0135","SpID.0076","Pv16-137","17-Feb-16","Woodard Bay"
"16MA0136","SpID.0076","Pv16-138","17-Feb-16","Woodard Bay"
"16MA0137","SpID.0076","Pv16-139","17-Feb-16","Woodard Bay"
"16MA0138","SpID.0076","Pv16-140","17-Feb-16","Eagle Island"
"16MA0139","SpID.0076","Pv16-141","17-Feb-16","Eagle Island"
"16MA0140","SpID.0076","Pv16-142","17-Feb-16","Eagle Island"
"16MA0141","SpID.0076","Pv16-143","17-Feb-16","Eagle Island"
"16MA0142","SpID.0076","Pv16-144","17-Feb-16","Eagle Island"
"16MA0143","SpID.0076","Pv16-145","17-Feb-16","Eagle Island"
"16MA0144","SpID.0076","Pv16-146","17-Mar-16","McAllister Creek"
"16MA0145","SpID.0076","Pv16-147","17-Mar-16","McAllister Creek"
"16MA0146","SpID.0076","Pv16-148","17-Mar-16","McAllister Creek"
"16MA0147","SpID.0076","Pv16-149","17-Mar-16","McAllister Creek"
"16MA0148","SpID.0076","Pv16-150","25-Jan-16","Seal Beach"
"16MA0149","SpID.0076","Pv16-151","25-Jan-16","Seal Beach"
"16MA0150","SpID.0076","Pv16-152","25-Jan-16","Seal Beach"
"16MA0151","SpID.0076","Pv16-153","26-Jan-16","Red Salmon Slough"
"16MA0152","SpID.0076","Pv16-154","26-Jan-16","Red Salmon Slough"
"16MA0153","SpID.0076","Pv16-155","26-Jan-16","Red Salmon Slough"
"16MA0154","SpID.0076","Pv16-156","26-Jan-16","Red Salmon Slough"
"16MA0155","SpID.0076","Pv16-157","25-Jan-16","Red Salmon Slough"
"16MA0156","SpID.0076","Pv16-158","25-Jan-16","Red Salmon Slough"
"16MA0157","SpID.0076","Pv16-159","25-Jan-16","Red Salmon Slough"
"16MA0158","SpID.0076","Pv16-160","25-Jan-16","Red Salmon Slough"
"16MA0159","SpID.0076","Pv16-161","25-Jan-16","Red Salmon Slough"
"16MA0160","SpID.0076","Pv16-162","17-Mar-16","Red Salmon Slough"
"16MA0161","SpID.0076","Pv16-163","17-Mar-16","Red Salmon Slough"
"16MA0162","SpID.0076","Pv16-164","17-Mar-16","Red Salmon Slough"
"16MA0163","SpID.0076","Pv16-165","17-Mar-16","Red Salmon Slough"
"16MA0164","SpID.0076","Pv16-166","17-Mar-16","Red Salmon Slough"
"16MA0165","SpID.0076","Pv16-167","17-Feb-16","Seal Beach"
"16MA0166","SpID.0076","Pv16-168","17-Feb-16","Seal Beach"
"16MA0167","SpID.0076","Pv16-169","17-Mar-16","Seal Beach"
"16MA0168","SpID.0076","Pv16-170","17-Mar-16","Seal Beach"
"16MA0169","SpID.0076","Pv16-171","29-Jan-16","Still Harbor"
"16MA0170","SpID.0076","Pv16-172","29-Jan-16","Still Harbor"
"16MA0171","SpID.0076","Pv16-173","29-Jan-16","Still Harbor"
"16MA0172","SpID.0076","Pv16-174","29-Jan-16","Still Harbor"
"16MA0173","SpID.0076","Pv16-175","29-Jan-16","Still Harbor"
"16MA0174","SpID.0076","Pv16-176","29-Jan-16","Woodard Bay"
"16MA0175","SpID.0076","Pv16-177","29-Jan-16","Woodard Bay"
"16MA0176","SpID.0076","Pv16-178","29-Jan-16","Woodard Bay"
"16MA0177","SpID.0077","Pv16-179","29-Jan-16","Woodard Bay"
"16MA0178","SpID.0077","Pv16-180","29-Jan-16","Woodard Bay"
"16MA0179","SpID.0077","Pv16-181","29-Jan-16","Woodard Bay"
"16MA0180","SpID.0077","Pv16-182","29-Jan-16","Woodard Bay"
"16MA0181","SpID.0077","Pv16-183","29-Jan-16","Woodard Bay"
"16MA0182","SpID.0077","Pv16-184","29-Jan-16","Woodard Bay"
"16MA0183","SpID.0077","Pv16-185","29-Jan-16","Woodard Bay"
"16MA0184","SpID.0077","Pv16-186","29-Jan-16","Woodard Bay"
"16MA0185","SpID.0077","Pv16-187","29-Jan-16","Woodard Bay"
"16MA0186","SpID.0077","Pv16-188","29-Jan-16","Woodard Bay"
"16MA0187","SpID.0077","Pv16-189","29-Jan-16","Woodard Bay"
"16MA0188","SpID.0077","Pv16-190","29-Jan-16","Woodard Bay"
"16MA0189","SpID.0077","Pv16-191","29-Jan-16","Woodard Bay"
"16MA0190","SpID.0077","Pv16-192","29-Jan-16","Woodard Bay"
"16MA0191","SpID.0077","Pv16-193","29-Jan-16","Woodard Bay"
"16MA0192","SpID.0077","Pv16-194","29-Jan-16","Woodard Bay"
"16MA0193","SpID.0077","Pv16-195","29-Jan-16","Woodard Bay"
"16MA0194","SpID.0077","Pv16-196","29-Jan-16","Woodard Bay"
"16MA0195","SpID.0077","Pv16-197","29-Jan-16","Woodard Bay"
"16MA0196","SpID.0077","Pv16-198","29-Jan-16","Woodard Bay"
"16MA0197","SpID.0077","Pv16-199","22-Feb-16","Eagle Island"
"16MA0198","SpID.0077","Pv16-200","22-Feb-16","Eagle Island"
"16MA0199","SpID.0077","Pv16-201","22-Feb-16","Nisqually SB"
"16MA0200","SpID.0077","Pv16-202","22-Feb-16","Cutts Island"
"16MA0201","SpID.0077","Pv16-203","22-Feb-16","Cutts Island"
"16MA0202","SpID.0077","Pv16-204","22-Feb-16","Cutts Island"
"16MA0203","SpID.0077","Pv16-205","22-Feb-16","Cutts Island"
"16MA0204","SpID.0077","Pv16-206","22-Feb-16","Cutts Island"
"16MA0205","SpID.0077","Pv16-207","22-Feb-16","Cutts Island"
"16MA0206","SpID.0077","Pv16-208","22-Feb-16","Cutts Island"
"16MA0207","SpID.0077","Pv16-209","22-Feb-16","Still Harbor"
"16MA0208","SpID.0077","Pv16-210","22-Feb-16","Still Harbor"
"16MA0209","SpID.0077","Pv16-211","22-Feb-16","Still Harbor"
"16MA0210","SpID.0077","Pv16-212","22-Feb-16","Still Harbor"
"16MA0211","SpID.0077","Pv16-213","22-Feb-16","Still Harbor"
"16MA0212","SpID.0077","Pv16-214","22-Feb-16","Still Harbor"
"16MA0213","SpID.0077","Pv16-215","22-Feb-16","Still Harbor"
"16MA0214","SpID.0077","Pv16-216","22-Feb-16","Woodard Bay"
"16MA0215","SpID.0077","Pv16-217","22-Feb-16","Woodard Bay"
"16MA0216","SpID.0077","Pv16-218","22-Feb-16","Woodard Bay"
"16MA0217","SpID.0077","Pv16-219","22-Feb-16","Woodard Bay"
"16MA0218","SpID.0077","Pv16-220","22-Feb-16","Woodard Bay"
"16MA0219","SpID.0077","Pv16-221","22-Feb-16","Woodard Bay"
"16MA0220","SpID.0077","Pv16-222","22-Feb-16","Woodard Bay"
"16MA0221","SpID.0077","Pv16-223","2-Mar-16","Red Salmon Slough"
"16MA0222","SpID.0077","Pv16-224","2-Mar-16","Red Salmon Slough"
"16MA0223","SpID.0077","Pv16-225","2-Mar-16","Red Salmon Slough"
"16MA0224","SpID.0077","Pv16-226","2-Mar-16","Red Salmon Slough"
"16MA0225","SpID.0077","Pv16-227","2-Mar-16","Red Salmon Slough"
"16MA0226","SpID.0077","Pv16-228","2-Mar-16","Red Salmon Slough"
"16MA0227","SpID.0077","Pv16-229","2-Mar-16","Red Salmon Slough"
"16MA0228","SpID.0077","Pv16-230","2-Mar-16","Nisqually SB"
"16MA0229","SpID.0077","Pv16-231","2-Mar-16","Nisqually SB"
"16MA0230","SpID.0077","Pv16-232","2-Mar-16","Nisqually SB"
"16MA0231","SpID.0077","Pv16-233","2-Mar-16","Red Salmon Slough"
"16MA0232","SpID.0077","Pv16-234","2-Mar-16","Red Salmon Slough"
"16MA0233","SpID.0077","Pv16-235","2-Mar-16","Red Salmon Slough"
"16MA0234","SpID.0077","Pv16-236","2-Mar-16","Red Salmon Slough"
"16MA0235","SpID.0077","Pv16-237","2-Mar-16","Red Salmon Slough"
"16MA0236","SpID.0077","Pv16-238","2-Mar-16","Red Salmon Slough"
"16MA0237","SpID.0077","Pv16-239","2-Mar-16","Red Salmon Slough"
"16MA0238","SpID.0077","Pv16-240","2-Mar-16","Red Salmon Slough"
"16MA0239","SpID.0077","Pv16-241","2-Mar-16","Red Salmon Slough"
"16MA0240","SpID.0077","Pv16-242","2-Mar-16","Red Salmon Slough"
"16MA0241","SpID.0077","Pv16-243","9-May-16","Red Salmon Slough"
"16MA0242","SpID.0077","Pv16-244","9-May-16","Nisqually SB"
"16MA0243","SpID.0077","Pv16-245","9-May-16","Nisqually SB"
"16MA0244","SpID.0077","Pv16-246","9-May-16","Nisqually SB"
"16MA0245","SpID.0077","Pv16-247","9-May-16","Nisqually SB"
"16MA0246","SpID.0077","Pv16-248","9-May-16","Nisqually SB"
"16MA0247","SpID.0077","Pv16-249","9-May-16","Nisqually SB"
"16MA0248","SpID.0077","Pv16-250","9-May-16","Nisqually SB"
"16MA0249","SpID.0077","Pv16-251","9-May-16","Nisqually SB"
"16MA0250","SpID.0077","Pv16-252","9-May-16","Nisqually SB"
"16MA0251","SpID.0077","Pv16-253","9-May-16","Nisqually SB"
"16MA0252","SpID.0077","Pv16-254","9-May-16","Nisqually SB"
"16MA0253","SpID.0077","Pv16-255","9-May-16","Nisqually SB"
"16MA0254","SpID.0077","Pv16-256","9-May-16","Nisqually SB"
"16MA0255","SpID.0077","Pv16-257","29-Feb-16","Red Salmon Slough"
"16MA0256","SpID.0077","Pv16-258","29-Feb-16","Red Salmon Slough"
"16MA0257","SpID.0077","Pv16-259","29-Feb-16","Red Salmon Slough"
"16MA0258","SpID.0077","Pv16-260","29-Feb-16","Red Salmon Slough"
"16MA0259","SpID.0077","Pv16-261","26-Feb-16","Seal Beach"
"16MA0260","SpID.0077","Pv16-262","26-Feb-16","Seal Beach"
"16MA0261","SpID.0077","Pv16-263","26-Feb-16","Seal Beach"
"16MA0262","SpID.0077","Pv16-264","26-Feb-16","Seal Beach"
"16MA0263","SpID.0077","Pv16-265","26-Feb-16","Seal Beach"
"16MA0264","SpID.0077","Pv16-266","26-Feb-16","Seal Beach"
"16MA0265","SpID.0078","Pv16-267","17-Feb-16","McAllister Creek"
"16MA0266","SpID.0078","Pv16-268","17-Feb-16","McAllister Creek"
"16MA0267","SpID.0078","Pv16-269","17-Feb-16","McAllister Creek"
"16MA0268","SpID.0078","Pv16-270","17-Feb-16","McAllister Creek"
"16MA0269","SpID.0078","Pv16-271","17-Feb-16","McAllister Creek"
"16MA0270","SpID.0078","Pv16-272","17-Feb-16","McAllister Creek"
"16MA0271","SpID.0078","Pv16-273","1-Mar-16","Seal Beach"
"16MA0272","SpID.0078","Pv16-274","1-Mar-16","Seal Beach"
"16MA0273","SpID.0078","Pv16-275","1-Mar-16","Seal Beach"
"16MA0274","SpID.0078","Pv16-276","1-Mar-16","Seal Beach"
"16MA0275","SpID.0078","Pv16-277","31-May-16","Seal Beach"
"16MA0276","SpID.0078","Pv16-278","31-May-16","McAllister Creek"
"16MA0277","SpID.0078","Pv16-279","24-Mar-16","Red Salmon Slough"
"16MA0278","SpID.0078","Pv16-280","24-Mar-16","Red Salmon Slough"
"16MA0279","SpID.0078","Pv16-281","24-Mar-16","Red Salmon Slough"
"16MA0280","SpID.0078","Pv16-282","24-Mar-16","Red Salmon Slough"
"16MA0281","SpID.0078","Pv16-283","24-Mar-16","Red Salmon Slough"
"16MA0282","SpID.0078","Pv16-284","23-May-16","Red Salmon Slough"
"16MA0283","SpID.0078","Pv16-285","23-May-16","Red Salmon Slough"
"16MA0284","SpID.0078","Pv16-286","23-May-16","Red Salmon Slough"
"16MA0285","SpID.0078","Pv16-287","13-Jun-16","Still Harbor"
"16MA0286","SpID.0078","Pv16-288","13-Jun-16","Woodard Bay"
"16MA0287","SpID.0078","Pv16-289","13-Jun-16","Woodard Bay"
"16MA0288","SpID.0078","Pv16-290","13-Jun-16","Woodard Bay"
"16MA0289","SpID.0078","Pv16-291","13-Jun-16","Woodard Bay"
"16MA0290","SpID.0078","Pv16-292","6-Jun-16","Still Harbor"
"16MA0291","SpID.0078","Pv16-293","6-Jun-16","Still Harbor"
"16MA0292","SpID.0078","Pv16-294","6-Jun-16","Cutts Island"
"16MA0293","SpID.0078","Pv16-295","6-Jun-16","Cutts Island"
"16MA0294","SpID.0078","Pv16-296","27-May-16","Cutts Island"
"16MA0295","SpID.0078","Pv16-297","27-May-16","Cutts Island"
"16MA0296","SpID.0078","Pv16-298","27-May-16","Cutts Island"
"16MA0297","SpID.0078","Pv16-299","27-May-16","Cutts Island"
"16MA0298","SpID.0078","Pv16-300","27-May-16","Cutts Island"
"16MA0299","SpID.0078","Pv16-301","27-May-16","Still Harbor"
"16MA0300","SpID.0078","Pv16-302","27-May-16","Still Harbor"
"16MA0301","SpID.0078","Pv16-303","27-May-16","Still Harbor"
"16MA0302","SpID.0078","Pv16-304","27-May-16","Still Harbor"
"16MA0303","SpID.0078","Pv16-305","27-May-16","Still Harbor"
"16MA0304","SpID.0078","Pv16-306","27-May-16","Still Harbor"
"16MA0305","SpID.0078","Pv16-307","7-Mar-16","Woodard Bay"
"16MA0306","SpID.0078","Pv16-308","7-Mar-16","Woodard Bay"
"16MA0307","SpID.0078","Pv16-309","7-Mar-16","Woodard Bay"
"16MA0308","SpID.0078","Pv16-310","7-Mar-16","Woodard Bay"
"16MA0309","SpID.0078","Pv16-311","7-Mar-16","Woodard Bay"
"16MA0310","SpID.0078","Pv16-312","7-Mar-16","Woodard Bay"
"16MA0311","SpID.0078","Pv16-313","7-Mar-16","Woodard Bay"
"16MA0312","SpID.0078","Pv16-314","7-Mar-16","Woodard Bay"
"16MA0313","SpID.0078","Pv16-315","7-Mar-16","Woodard Bay"
"16MA0314","SpID.0078","Pv16-316","7-Mar-16","Still Harbor"
"16MA0315","SpID.0078","Pv16-317","7-Mar-16","Still Harbor"
"16MA0316","SpID.0078","Pv16-318","7-Mar-16","Still Harbor"
"16MA0317","SpID.0078","Pv16-319","28-Mar-16","Still Harbor"
"16MA0318","SpID.0078","Pv16-320","28-Mar-16","Still Harbor"
"16MA0319","SpID.0078","Pv16-321","28-Mar-16","Eagle Island"
"16MA0320","SpID.0078","Pv16-322","28-Mar-16","Eagle Island"
"16MA0321","SpID.0078","Pv16-323","28-Mar-16","Eagle Island"
"16MA0322","SpID.0078","Pv16-324","28-Mar-16","Eagle Island"
"16MA0323","SpID.0078","Pv16-325","29-Feb-16","Still Harbor"
"16MA0324","SpID.0078","Pv16-326","29-Feb-16","Still Harbor"
"16MA0325","SpID.0078","Pv16-327","7-Mar-16","Nisqually "
"16MA0326","SpID.0078","Pv16-328","7-Jan-16","Woodard Bay"
"16MA0327","SpID.0078","Pv16-329","7-Jan-16","Woodard Bay"
"16MA0328","SpID.0078","Pv16-330","7-Jan-16","Woodard Bay"
"16MA0329","SpID.0078","Pv16-331","7-Jan-16","Woodard Bay"
"16MA0330","SpID.0078","Pv16-332","7-Jan-16","Woodard Bay"
"16MA0331","SpID.0078","Pv16-333","7-Jan-16","Woodard Bay"
"16MA0332","SpID.0078","Pv16-334","7-Jan-16","Woodard Bay"
"16MA0333","SpID.0078","Pv16-335","7-Jan-16","Woodard Bay"
"16MA0334","SpID.0078","Pv16-336","7-Jan-16","Woodard Bay"
"16MA0335","SpID.0078","Pv16-337","7-Jan-16","Woodard Bay"
"16MA0336","SpID.0078","Pv16-338","7-Jan-16","Woodard Bay"
"16MA0337","SpID.0078","Pv16-339","7-Jan-16","Woodard Bay"
"16MA0338","SpID.0078","Pv16-340","7-Jan-16","Woodard Bay"
"16MA0339","SpID.0078","Pv16-341","7-Jan-16","Woodard Bay"
"16MA0340","SpID.0078","Pv16-342","7-Jan-16","Woodard Bay"
"16MA0341","SpID.0078","Pv16-343","7-Jan-16","Woodard Bay"
"16MA0342","SpID.0078","Pv16-344","7-Jan-16","Woodard Bay"
"16MA0343","SpID.0078","Pv16-345","7-Jan-16","Woodard Bay"
"16MA0344","SpID.0078","Pv16-346","7-Jan-16","Woodard Bay"
"16MA0345","SpID.0078","Pv16-347","7-Jan-16","Woodard Bay"
"16MA0346","SpID.0078","Pv16-348","7-Jan-16","Woodard Bay"
"16MA0347","SpID.0078","Pv16-349","7-Jan-16","Woodard Bay"
"16MA0348","SpID.0078","Pv16-350","7-Jan-16","Woodard Bay"
"16MA0349","SpID.0078","Pv16-351","7-Jan-16","Woodard Bay"
"16MA0350","SpID.0078","Pv16-352","7-Jan-16","Woodard Bay"
"16MA0351","SpID.0078","Pv16-353","7-Jan-16","Woodard Bay"
"16MA0352","SpID.0078","Pv16-354","7-Jan-16","Woodard Bay"
"16MA0353","SpID.0079","Pv16-355","7-Jan-16","Woodard Bay"
"16MA0354","SpID.0079","Pv16-356","7-Jan-16","Woodard Bay"
"16MA0355","SpID.0079","Pv16-357","7-Jan-16","Woodard Bay"
"16MA0356","SpID.0079","Pv16-358","7-Jan-16","Woodard Bay"
"16MA0357","SpID.0079","Pv16-359","7-Jan-16","Woodard Bay"
"16MA0358","SpID.0079","Pv16-360","7-Jan-16","Woodard Bay"
"16MA0359","SpID.0079","Pv16-361","7-Jan-16","Cutts Island"
"16MA0360","SpID.0079","Pv16-362","7-Jan-16","Cutts Island"
"16MA0361","SpID.0079","Pv16-363","7-Jan-16","Cutts Island"
"16MA0362","SpID.0079","Pv16-364","7-Jan-16","Cutts Island"
"16MA0363","SpID.0079","Pv16-365","7-Jan-16","Cutts Island"
"16MA0364","SpID.0079","Pv16-366","7-Jan-16","Cutts Island"
"16MA0365","SpID.0079","Pv16-367","7-Jan-16","Cutts Island"
"16MA0366","SpID.0079","Pv16-368","7-Jan-16","Cutts Island"
"16MA0367","SpID.0079","Pv16-369","7-Jan-16","Cutts Island"
"16MA0368","SpID.0079","Pv16-370","7-Jan-16","Cutts Island"
"16MA0369","SpID.0079","Pv16-371","7-Jan-16","Cutts Island"
"16MA0370","SpID.0079","Pv16-372","7-Jan-16","Cutts Island"
"16MA0371","SpID.0079","Pv16-373","7-Jan-16","Cutts Island"
"16MA0372","SpID.0079","Pv16-374","7-Jan-16","Cutts Island"
"16MA0373","SpID.0079","Pv16-375","7-Jan-16","Cutts Island"
"16MA0374","SpID.0079","Pv16-376","7-Jan-16","Eagle Island"
"16MA0375","SpID.0079","Pv16-377","7-Jan-16","Eagle Island"
"16MA0376","SpID.0079","Pv16-378","7-Jan-16","Eagle Island"
"16MA0377","SpID.0079","Pv16-379","7-Jan-16","Eagle Island"
"16MA0378","SpID.0079","Pv16-380","7-Jan-16","Eagle Island"
"16MA0379","SpID.0079","Pv16-381","7-Jan-16","Eagle Island"
"16MA0380","SpID.0079","Pv16-382","7-Jan-16","Eagle Island"
"16MA0381","SpID.0079","Pv16-383","7-Jan-16","Eagle Island"
"16MA0382","SpID.0079","Pv16-384","7-Jan-16","Eagle Island"
"16MA0383","SpID.0079","Pv16-385","7-Jan-16","Eagle Island"
"16MA0384","SpID.0079","Pv16-386","7-Jan-16","Eagle Island"
"16MA0385","SpID.0079","Pv16-387","7-Jan-16","Eagle Island"
"16MA0386","SpID.0079","Pv16-388","7-Jan-16","Eagle Island"
"16MA0387","SpID.0079","Pv16-389","7-Jan-16","Red Salmon Slough"
"16MA0388","SpID.0079","Pv16-390","2-May-16","Cutts Island"
"16MA0389","SpID.0079","Pv16-391","2-May-16","Cutts Island"
"16MA0390","SpID.0079","Pv16-392","2-May-16","Cutts Island"
"16MA0391","SpID.0079","Pv16-393","2-May-16","Cutts Island"
"16MA0392","SpID.0079","Pv16-394","2-May-16","Cutts Island"
"16MA0393","SpID.0079","Pv16-395","2-May-16","Cutts Island"
"16MA0394","SpID.0079","Pv16-396","2-May-16","Cutts Island"
"16MA0395","SpID.0079","Pv16-397","2-May-16","Cutts Island"
"16MA0396","SpID.0079","Pv16-398","2-May-16","Cutts Island"
"16MA0397","SpID.0079","Pv16-399","2-May-16","Cutts Island"
"16MA0398","SpID.0079","Pv16-400","2-May-16","Cutts Island"
"16MA0399","SpID.0079","Pv16-401","2-May-16","Cutts Island"
"16MA0400","SpID.0079","Pv16-402","2-May-16","Cutts Island"
"16MA0401","SpID.0079","Pv16-403","2-May-16","Cutts Island"
"16MA0402","SpID.0079","Pv16-404","2-May-16","Cutts Island"
"16MA0403","SpID.0079","Pv16-405","2-May-16","Cutts Island"
"16MA0404","SpID.0079","Pv16-406","2-May-16","Cutts Island"
"16MA0405","SpID.0079","Pv16-407","2-May-16","Cutts Island"
"16MA0406","SpID.0079","Pv16-408","2-May-16","Cutts Island"
"16MA0407","SpID.0079","Pv16-409","2-May-16","Cutts Island"
"16MA0408","SpID.0079","Pv16-410","2-May-16","Cutts Island"
"16MA0409","SpID.0079","Pv16-411","2-May-16","Cutts Island"
"16MA0410","SpID.0079","Pv16-412","2-May-16","Cutts Island"
"16MA0411","SpID.0079","Pv16-413","2-May-16","Cutts Island"
"16MA0412","SpID.0079","Pv16-414","2-May-16","Cutts Island"
"16MA0413","SpID.0079","Pv16-415","16-May-16","Woodard Bay"
"16MA0414","SpID.0079","Pv16-416","16-May-16","Woodard Bay"
"16MA0415","SpID.0079","Pv16-417","16-May-16","Woodard Bay"
"16MA0416","SpID.0079","Pv16-418","16-May-16","Woodard Bay"
"16MA0417","SpID.0079","Pv16-419","16-May-16","Woodard Bay"
"16MA0418","SpID.0079","Pv16-420","16-May-16","Woodard Bay"
"16MA0419","SpID.0079","Pv16-421","16-May-16","Woodard Bay"
"16MA0420","SpID.0079","Pv16-422","16-May-16","Woodard Bay"
"16MA0421","SpID.0079","Pv16-423","16-May-16","Woodard Bay"
"16MA0422","SpID.0079","Pv16-424","16-May-16","Woodard Bay"
"16MA0423","SpID.0079","Pv16-425","16-May-16","Woodard Bay"
"16MA0424","SpID.0079","Pv16-426","16-May-16","Woodard Bay"
"16MA0425","SpID.0079","Pv16-427","16-May-16","Woodard Bay"
"16MA0426","SpID.0079","Pv16-428","16-May-16","Woodard Bay"
"16MA0427","SpID.0079","Pv16-429","16-May-16","Still Harbor"
"16MA0428","SpID.0079","Pv16-430","16-May-16","Still Harbor"
"16MA0429","SpID.0079","Pv16-431","16-May-16","Still Harbor"
"16MA0430","SpID.0079","Pv16-432","16-May-16","Still Harbor"
"16MA0431","SpID.0079","Pv16-433","16-May-16","Still Harbor"
"16MA0432","SpID.0079","Pv16-434","16-May-16","Still Harbor"
"16MA0433","SpID.0079","Pv16-435","16-May-16","Still Harbor"
"16MA0434","SpID.0079","Pv16-436","16-May-16","Still Harbor"
"16MA0435","SpID.0079","Pv16-437","16-May-16","Still Harbor"
"16MA0436","SpID.0079","Pv16-438","2-May-16","Still Harbor"
"16MA0437","SpID.0079","Pv16-439","2-May-16","Still Harbor"
"16MA0438","SpID.0079","Pv16-440","2-May-16","Still Harbor"
"16MA0439","SpID.0079","Pv16-441","2-May-16","Still Harbor"
"16MA0440","SpID.0079","Pv16-442","2-May-16","Still Harbor"
"16MA0441","SpID.0080","Pv16-443","2-May-16","Still Harbor"
"16MA0442","SpID.0080","Pv16-444","2-May-16","Still Harbor"
"16MA0443","SpID.0080","Pv16-445","2-May-16","Still Harbor"
"16MA0444","SpID.0080","Pv16-446","2-May-16","Still Harbor"
"16MA0445","SpID.0080","Pv16-447","2-May-16","Still Harbor"
"16MA0446","SpID.0080","Pv16-448","2-May-16","Still Harbor"
"16MA0447","SpID.0080","Pv16-449","2-May-16","Still Harbor"
"16MA0448","SpID.0080","Pv16-450","2-May-16","Still Harbor"
"16MA0449","SpID.0080","Pv16-451","2-May-16","Still Harbor"
"16MA0450","SpID.0080","Pv16-452","2-May-16","Still Harbor"
"16MA0451","SpID.0080","Pv16-453","2-May-16","Still Harbor"
"16MA0452","SpID.0080","Pv16-454","2-May-16","Still Harbor"
"16MA0453","SpID.0080","Pv16-455","2-May-16","Still Harbor"
"16MA0454","SpID.0080","Pv16-456","2-May-16","Still Harbor"
"16MA0455","SpID.0080","Pv16-457","2-May-16","Still Harbor"
"16MA0456","SpID.0080","Pv16-458","2-May-16","Still Harbor"
"16MA0457","SpID.0080","Pv16-459","2-May-16","Still Harbor"
"16MA0458","SpID.0080","Pv16-460","2-May-16","Still Harbor"
"16MA0459","SpID.0080","Pv16-461","2-May-16","Still Harbor"
"16MA0460","SpID.0080","Pv16-462","2-May-16","Still Harbor"
"16MA0461","SpID.0080","Pv16-463","2-May-16","Still Harbor"
"16MA0462","SpID.0080","Pv16-464","2-May-16","Still Harbor"
"16MA0463","SpID.0080","Pv16-465","16-May-16","Woodard Bay"
"16MA0464","SpID.0080","Pv16-466","2-May-16","Woodard Bay"
"16MA0465","SpID.0080","Pv16-467","2-May-16","Woodard Bay"
"16MA0466","SpID.0080","Pv16-468","2-May-16","Woodard Bay"
"16MA0467","SpID.0080","Pv16-469","2-May-16","Woodard Bay"
"16MA0468","SpID.0080","Pv16-470","2-May-16","Woodard Bay"
"16MA0469","SpID.0080","Pv16-471","2-May-16","Woodard Bay"
"16MA0470","SpID.0080","Pv16-472","2-May-16","Woodard Bay"
"16MA0471","SpID.0080","Pv16-473","2-May-16","Woodard Bay"
"16MA0472","SpID.0080","Pv16-474","2-May-16","Woodard Bay"
"16MA0473","SpID.0080","Pv16-475","2-May-16","Woodard Bay"
"16MA0474","SpID.0080","Pv16-476","2-May-16","Woodard Bay"
"16MA0475","SpID.0080","Pv16-477","2-May-16","Woodard Bay"
"16MA0476","SpID.0080","Pv16-478","2-May-16","Woodard Bay"
"16MA0477","SpID.0080","Pv16-479","2-May-16","Woodard Bay"
"16MA0478","SpID.0080","Pv16-480","2-May-16","Woodard Bay"
"16MA0479","SpID.0080","Pv16-481","2-May-16","Woodard Bay"
"16MA0480","SpID.0080","Pv16-482","2-May-16","Woodard Bay"
"16MA0481","SpID.0080","Pv16-483","2-May-16","Still Harbor"
"16MA0482","SpID.0080","Pv16-484","11-Jan-16","Woodard Bay"
"16MA0483","SpID.0080","Pv16-485","11-Jan-16","Woodard Bay"
"16MA0484","SpID.0080","Pv16-486","11-Jan-16","Woodard Bay"
"16MA0485","SpID.0080","Pv16-487","11-Jan-16","Woodard Bay"
"16MA0486","SpID.0080","Pv16-488","11-Jan-16","Woodard Bay"
"16MA0487","SpID.0080","Pv16-489","11-Jan-16","Woodard Bay"
"16MA0488","SpID.0080","Pv16-490","11-Jan-16","Woodard Bay"
"16MA0489","SpID.0080","Pv16-491","11-Jan-16","Woodard Bay"
"16MA0490","SpID.0080","Pv16-492","11-Jan-16","Woodard Bay"
"16MA0491","SpID.0080","Pv16-493","11-Jan-16","Woodard Bay"
"16MA0492","SpID.0080","Pv16-494","11-Jan-16","Woodard Bay"
"16MA0493","SpID.0080","Pv16-495","11-Jan-16","Woodard Bay"
"16MA0494","SpID.0080","Pv16-496","11-Jan-16","Woodard Bay"
"16MA0495","SpID.0080","Pv16-497","11-Jan-16","Woodard Bay"
"16MA0496","SpID.0080","Pv16-498","11-Jan-16","Woodard Bay"
"16MA0497","SpID.0080","Pv16-499","11-Jan-16","Woodard Bay"
"16MA0498","SpID.0080","Pv16-500","11-Jan-16","Woodard Bay"
"16MA0499","SpID.0080","Pv16-501","11-Jan-16","Woodard Bay"
"16MA0500","SpID.0080","Pv16-502","11-Jan-16","Woodard Bay"
"16MA0501","SpID.0080","Pv16-503","11-Jan-16","Woodard Bay"
"16MA0502","SpID.0080","Pv16-504","11-Jan-16","Woodard Bay"
"16MA0503","SpID.0080","Pv16-505","11-Jan-16","Woodard Bay"
"16MA0504","SpID.0080","Pv16-506","11-Jan-16","Woodard Bay"
"16MA0505","SpID.0080","Pv16-507","11-Jan-16","Woodard Bay"
"16MA0506","SpID.0080","Pv16-508","11-Jan-16","Woodard Bay"
"16MA0507","SpID.0080","Pv16-509","19-Jul-16","Woodard Bay"
"16MA0508","SpID.0080","Pv16-510","19-Jul-16","Woodard Bay"
"16MA0509","SpID.0080","Pv16-511","19-Jul-16","Woodard Bay"
"16MA0510","SpID.0080","Pv16-512","19-Jul-16","Eagle Island"
"16MA0511","SpID.0080","Pv16-513","19-Jul-16","Eagle Island"
"16MA0512","SpID.0080","Pv16-514","16-May-16","Eagle Island"
"16MA0513","SpID.0080","Pv16-515","6-May-16","Woodard Bay"
"16MA0514","SpID.0080","Pv16-516","6-May-16","Woodard Bay"
"16MA0515","SpID.0080","Pv16-517","6-May-16","Woodard Bay"
"16MA0516","SpID.0080","Pv16-518","18-Jul-16","Still Harbor"
"16MA0517","SpID.0080","Pv16-519","18-Jul-16","Still Harbor"
"16MA0518","SpID.0080","Pv16-520","18-Jul-16","Still Harbor"
"16MA0519","SpID.0080","Pv16-521","18-Jul-16","Still Harbor"
"16MA0520","SpID.0080","Pv16-522","18-Jul-16","Still Harbor"
"16MA0521","SpID.0080","Pv16-523","18-Jul-16","Still Harbor"
"16MA0522","SpID.0080","Pv16-524","18-Jul-16","Still Harbor"
"16MA0523","SpID.0080","Pv16-525","18-Jul-16","Still Harbor"
"16MA0524","SpID.0080","Pv16-526","18-Jul-16","Still Harbor"
"16MA0525","SpID.0080","Pv16-527","18-Jul-16","Still Harbor"
"16MA0526","SpID.0080","Pv16-528","18-Jul-16","Still Harbor"
"16MA0527","SpID.0080","Pv16-529","18-Jul-16","Still Harbor"
"16MA0528","SpID.0080","Pv16-530","18-Jul-16","Still Harbor"
"16MA0529","SpID.0081","Pv16-531","18-Jul-16","Still Harbor"
"16MA0530","SpID.0081","Pv16-532","18-Jul-16","Still Harbor"
"16MA0531","SpID.0081","Pv16-533","18-Jul-16","Still Harbor"
"16MA0532","SpID.0081","Pv16-534","18-Jul-16","Still Harbor"
"16MA0533","SpID.0081","Pv16-535","18-Jul-16","Still Harbor"
"16MA0534","SpID.0081","Pv16-536","18-Jul-16","Still Harbor"
"16MA0535","SpID.0081","Pv16-537","18-Jul-16","Still Harbor"
"16MA0536","SpID.0081","Pv16-538","18-Jul-16","Still Harbor"
"16MA0537","SpID.0081","Pv16-539","19-Jul-16","Still Harbor"
"16MA0538","SpID.0081","Pv16-540","19-Jul-16","Still Harbor"
"16MA0539","SpID.0081","Pv16-541","19-Jul-16","Still Harbor"
"16MA0540","SpID.0081","Pv16-542","19-Jul-16","Still Harbor"
"16MA0541","SpID.0081","Pv16-543","19-Jul-16","Still Harbor"
"16MA0542","SpID.0081","Pv16-544","19-Jul-16","Still Harbor"
"16MA0543","SpID.0081","Pv16-545","19-Jul-16","Still Harbor"
"16MA0544","SpID.0081","Pv16-546","19-Jul-16","Still Harbor"
"16MA0545","SpID.0081","Pv16-547","19-Jul-16","Still Harbor"
"16MA0546","SpID.0081","Pv16-548","19-Jul-16","Still Harbor"
"16MA0547","SpID.0081","Pv16-549","19-Jul-16","Still Harbor"
"16MA0548","SpID.0081","Pv16-550","19-Jul-16","Still Harbor"
"16MA0549","SpID.0081","Pv16-551","19-Jul-16","Still Harbor"
"16MA0550","SpID.0081","Pv16-552","19-Jul-16","Still Harbor"
"16MA0551","SpID.0081","Pv16-553","19-Jul-16","Still Harbor"
"16MA0552","SpID.0081","Pv16-554","19-Jul-16","Still Harbor"
"16MA0553","SpID.0081","Pv16-555","19-Jul-16","Still Harbor"
"16MA0554","SpID.0081","Pv16-556","19-Jul-16","Still Harbor"
"16MA0555","SpID.0081","Pv16-557","28-Mar-16","Woodard Bay"
"16MA0556","SpID.0081","Pv16-558","28-Mar-16","Woodard Bay"
"16MA0557","SpID.0081","Pv16-559","28-Mar-16","Woodard Bay"
"16MA0558","SpID.0081","Pv16-560","28-Mar-16","Woodard Bay"
"16MA0559","SpID.0081","Pv16-561","28-Mar-16","Woodard Bay"
"16MA0560","SpID.0081","Pv16-562","28-Mar-16","Woodard Bay"
"16MA0561","SpID.0081","Pv16-563","28-Mar-16","Woodard Bay"
"16MA0562","SpID.0081","Pv16-564","28-Mar-16","Woodard Bay"
"16MA0563","SpID.0081","Pv16-565","28-Mar-16","Woodard Bay"
"16MA0564","SpID.0081","Pv16-566","28-Mar-16","Woodard Bay"
"16MA0565","SpID.0081","Pv16-567","28-Mar-16","Woodard Bay"
"16MA0566","SpID.0081","Pv16-568","28-Mar-16","Woodard Bay"
"16MA0567","SpID.0081","Pv16-569","28-Mar-16","Woodard Bay"
"16MA0568","SpID.0081","Pv16-570","28-Mar-16","Woodard Bay"
"16MA0569","SpID.0081","Pv16-571","28-Mar-16","Woodard Bay"
"16MA0570","SpID.0081","Pv16-572","28-Mar-16","Woodard Bay"
"16MA0571","SpID.0081","Pv16-573","29-Feb-16","Woodard Bay"
"16MA0572","SpID.0081","Pv16-574","29-Feb-16","Woodard Bay"
"16MA0573","SpID.0081","Pv16-575","29-Feb-16","Woodard Bay"
"16MA0574","SpID.0081","Pv16-576","29-Feb-16","Woodard Bay"
"16MA0575","SpID.0081","Pv16-577","29-Feb-16","Woodard Bay"
"16MA0576","SpID.0081","Pv16-578","29-Feb-16","Woodard Bay"
"16MA0577","SpID.0081","Pv16-579","29-Feb-16","Woodard Bay"
"16MA0578","SpID.0081","Pv16-580","29-Feb-16","Woodard Bay"
"16MA0579","SpID.0081","Pv16-581","29-Feb-16","Woodard Bay"
"16MA0580","SpID.0081","Pv16-582","29-Feb-16","Woodard Bay"
"16MA0581","SpID.0081","Pv16-583","27-May-16","Woodard Bay"
"16MA0582","SpID.0081","Pv16-584","27-May-16","Woodard Bay"
"16MA0583","SpID.0081","Pv16-585","27-May-16","Woodard Bay"
"16MA0584","SpID.0081","Pv16-586","27-May-16","Woodard Bay"
"16MA0585","SpID.0081","Pv16-587","27-May-16","Woodard Bay"
"16MA0586","SpID.0081","Pv16-588","27-May-16","Woodard Bay"
"16MA0587","SpID.0081","Pv16-589","27-May-16","Woodard Bay"
"16MA0588","SpID.0081","Pv16-590","27-May-16","Woodard Bay"
"16MA0589","SpID.0081","Pv16-591","27-May-16","Woodard Bay"
"16MA0590","SpID.0081","Pv16-592","27-May-16","Woodard Bay"
"16MA0591","SpID.0081","Pv16-593","27-May-16","Woodard Bay"
"16MA0592","SpID.0081","Pv16-594","27-May-16","Woodard Bay"
"16MA0593","SpID.0081","Pv16-595","18-Apr-16","Woodard Bay"
"16MA0594","SpID.0081","Pv16-596","18-Apr-16","Woodard Bay"
"16MA0595","SpID.0081","Pv16-597","18-Apr-16","Woodard Bay"
"16MA0596","SpID.0081","Pv16-598","18-Apr-16","Nisqually"
"16MA0597","SpID.0081","Pv16-599","11-Jan-16","Eagle Island"
"16MA0598","SpID.0081","Pv16-600","22-Jan-16","Cutts Island"
"16MA0599","SpID.0081","Pv16-601","22-Jan-16","Cutts Island"
"16MA0600","SpID.0081","Pv16-602","18-Apr-16","Cutts Island"
"16MA0601","SpID.0081","Pv16-603","26-Apr-16","Eagle Island"
"16MA0602","SpID.0081","Pv16-604","6-Apr-16","Eagle Island"
"16MA0603","SpID.0081","Pv16-605","6-Apr-16","Colvos Rocks"
"16MA0604","SpID.0081","Pv16-606","6-Apr-16","Still Harbor"
"16MA0605","SpID.0081","Pv16-607","6-Apr-16","Still Harbor"
"16MA0606","SpID.0081","Pv16-608","6-Apr-16","Still Harbor"
"16MA0607","SpID.0081","Pv16-609","6-Apr-16","Still Harbor"
"16MA0608","SpID.0081","Pv16-610","6-Apr-16","Still Harbor"
"16MA0609","SpID.0081","Pv16-611","6-Apr-16","Still Harbor"
"16MA0610","SpID.0081","Pv16-612","6-Apr-16","Still Harbor"
"16MA0611","SpID.0081","Pv16-613","6-Apr-16","Still Harbor"
"16MA0612","SpID.0081","Pv16-614","6-Apr-16","Still Harbor"
"16MA0613","SpID.0081","Pv16-615","6-Apr-16","Still Harbor"
"16MA0614","SpID.0081","Pv16-616","6-Apr-16","Still Harbor"
"16MA0615","SpID.0081","Pv16-617","6-Apr-16","Still Harbor"
"16MA0616","SpID.0081","Pv16-618","6-Apr-16","Still Harbor"
"16MA0617","SpID.0082","Pv16-619","6-Apr-16","Still Harbor"
"16MA0618","SpID.0082","Pv16-620","6-Apr-16","Still Harbor"
"16MA0619","SpID.0082","Pv16-621","6-Apr-16","Still Harbor"
"16MA0620","SpID.0082","Pv16-622","6-Apr-16","Still Harbor"
"16MA0621","SpID.0082","Pv16-623","6-Apr-16","Still Harbor"
"16MA0622","SpID.0082","Pv16-624","6-Apr-16","Still Harbor"
"16MA0623","SpID.0082","Pv16-625","6-Apr-16","Still Harbor"
"16MA0624","SpID.0082","Pv16-626","6-Apr-16","Still Harbor"
"16MA0625","SpID.0082","Pv16-627","6-Apr-16","Still Harbor"
"16MA0626","SpID.0082","Pv16-628","6-Apr-16","Still Harbor"
"16MA0627","SpID.0082","Pv16-629","6-Apr-16","Still Harbor"
"16MA0628","SpID.0082","Pv16-630","6-Apr-16","Still Harbor"
"16MA0629","SpID.0082","Pv16-631","6-Apr-16","Still Harbor"
"16MA0630","SpID.0082","Pv16-632","6-Apr-16","Still Harbor"
"16MA0631","SpID.0082","Pv16-633","6-Apr-16","Still Harbor"
"16MA0632","SpID.0082","Pv16-634","6-Apr-16","Still Harbor"
"16MA0633","SpID.0082","Pv16-635","6-Apr-16","Still Harbor"
"16MA0634","SpID.0082","Pv16-636","6-Apr-16","Still Harbor"
"16MA0635","SpID.0082","Pv16-637","6-Apr-16","Still Harbor"
"16MA0636","SpID.0082","Pv16-638","6-Apr-16","Still Harbor"
"16MA0637","SpID.0082","Pv16-639","6-Apr-16","Still Harbor"
"16MA0638","SpID.0082","Pv16-640","6-Apr-16","Still Harbor"
"16MA0639","SpID.0082","Pv16-641","6-Apr-16","Still Harbor"
"16MA0640","SpID.0082","Pv16-642","6-Apr-16","Still Harbor"
"16MA0641","SpID.0082","Pv16-643","6-Apr-16","Still Harbor"
"16MA0642","SpID.0082","Pv16-644","6-Apr-16","Still Harbor"
"16MA0643","SpID.0082","Pv16-645","6-Apr-16","Still Harbor"
"16MA0644","SpID.0082","Pv16-646","6-Apr-16","Still Harbor"
"16MA0645","SpID.0082","Pv16-647","6-Apr-16","Still Harbor"
"16MA0646","SpID.0082","Pv16-648","6-Apr-16","Still Harbor"
"16MA0647","SpID.0082","Pv16-649","6-Apr-16","Still Harbor"
"16MA0648","SpID.0082","Pv16-650","6-Apr-16","Still Harbor"
"16MA0649","SpID.0082","Pv16-651","6-Apr-16","Still Harbor"
"16MA0650","SpID.0082","Pv16-652","6-Apr-16","Still Harbor"
"16MA0651","SpID.0082","Pv16-653","6-Apr-16","Still Harbor"
"16MA0652","SpID.0082","Pv16-654","6-Apr-16","Still Harbor"
"16MA0653","SpID.0082","Pv16-655","6-Apr-16","Still Harbor"
"16MA0654","SpID.0082","Pv16-656","28-Apr-16","Still Harbor"
"16MA0655","SpID.0082","Pv16-657","28-Apr-16","Still Harbor"
"16MA0656","SpID.0082","Pv16-658","28-Apr-16","Still Harbor"
"16MA0657","SpID.0082","Pv16-659","28-Apr-16","Still Harbor"
"16MA0658","SpID.0082","Pv16-660","28-Apr-16","Still Harbor"
"16MA0659","SpID.0082","Pv16-661","28-Apr-16","Still Harbor"
"16MA0660","SpID.0082","Pv16-662","28-Apr-16","Still Harbor"
"16MA0661","SpID.0082","Pv16-663","28-Apr-16","Still Harbor"
"16MA0662","SpID.0082","Pv16-664","28-Apr-16","Still Harbor"
"16MA0663","SpID.0082","Pv16-665","18-Apr-16","Still Harbor"
"16MA0664","SpID.0082","Pv16-666","18-Apr-16","Still Harbor"
"16MA0665","SpID.0082","Pv16-667","18-Apr-16","Still Harbor"
"16MA0666","SpID.0082","Pv16-668","18-Apr-16","Still Harbor"
"16MA0667","SpID.0082","Pv16-669","18-Apr-16","Still Harbor"
"16MA0668","SpID.0082","Pv16-670","18-Apr-16","Still Harbor"
"16MA0669","SpID.0082","Pv16-671","18-Apr-16","Still Harbor"
"16MA0670","SpID.0082","Pv16-672","18-Apr-16","Still Harbor"
"16MA0671","SpID.0082","Pv16-673","22-Jan-16","Woodard Bay"
"16MA0672","SpID.0082","Pv16-674","22-Jan-16","Woodard Bay"
"16MA0673","SpID.0082","Pv16-675","22-Jan-16","Woodard Bay"
"16MA0674","SpID.0082","Pv16-676","22-Jan-16","Woodard Bay"
"16MA0675","SpID.0082","Pv16-677","22-Jan-16","Woodard Bay"
"16MA0676","SpID.0082","Pv16-678","22-Jan-16","Woodard Bay"
"16MA0677","SpID.0082","Pv16-679","22-Jan-16","Woodard Bay"
"16MA0678","SpID.0082","Pv16-680","22-Jan-16","Woodard Bay"
"16MA0679","SpID.0082","Pv16-681","22-Jan-16","Woodard Bay"
"16MA0680","SpID.0082","Pv16-682","13-Jul-16","Woodard Bay"
"16MA0681","SpID.0082","Pv16-683","27-Jul-16","Woodard Bay"
"16MA0682","SpID.0082","Pv16-684","27-Jul-16","Eagle Island"
"16MA0683","SpID.0082","Pv16-685","27-Jul-16","Cutts Island"
"16MA0684","SpID.0082","Pv16-686","27-Jul-16","Cutts Island"
"16MA0685","SpID.0082","Pv16-687","13-Jul-16","Still Harbor"
"16MA0686","SpID.0082","Pv16-688","13-Jul-16","Cutts Island"
"16MA0687","SpID.0082","Pv16-689","13-Jul-16","Cutts Island"
"16MA0688","SpID.0082","Pv16-690","11-Apr-16","Orchard Rocks"
"16MA0689","SpID.0082","Pv16-691","27-Jul-16","Commencement Bay"
"16MA0690","SpID.0082","Pv16-692","27-Jul-16","Commencement Bay"
"16MA0691","SpID.0082","Pv16-693","27-Jul-16","Commencement Bay"
"16MA0692","SpID.0082","Pv16-694","27-Jul-16","Commencement Bay"
"16MA0693","SpID.0082","Pv16-695","27-Jul-16","Commencement Bay"
"16MA0694","SpID.0082","Pv16-696","27-Jul-16","Commencement Bay"
"16MA0695","SpID.0082","Pv16-697","27-Jul-16","Commencement Bay"
"16MA0696","SpID.0082","Pv16-698","27-Jul-16","Commencement Bay"
"16MA0697","SpID.0082","Pv16-699","27-Jul-16","Commencement Bay"
"16MA0698","SpID.0082","Pv16-700","27-Jul-16","Commencement Bay"
"16MA0699","SpID.0082","Pv16-701","27-Jul-16","Commencement Bay"
"16MA0700","SpID.0082","Pv16-702","27-Jul-16","Commencement Bay"
"16MA0701","SpID.0082","Pv16-703","6-May-16","Eagle Island"
"16MA0702","SpID.0082","Pv16-704","6-May-16","Eagle Island"
"16MA0703","SpID.0082","Pv16-705","6-May-16","Eagle Island"
"16MA0704","SpID.0082","Pv16-706","6-May-16","Eagle Island"
"16MA0705","SpID.0083","Pv16-707","6-May-16","Eagle Island"
"16MA0706","SpID.0083","Pv16-708","6-May-16","Eagle Island"
"16MA0707","SpID.0083","Pv16-709","6-May-16","Eagle Island"
"16MA0708","SpID.0083","Pv16-710","6-May-16","Eagle Island"
"16MA0709","SpID.0083","Pv16-711","6-May-16","Eagle Island"
"16MA0710","SpID.0083","Pv16-712","6-May-16","Eagle Island"
"16MA0711","SpID.0083","Pv16-713","13-Jul-16","Commencement Bay"
"16MA0712","SpID.0083","Pv16-714","13-Jul-16","Commencement Bay"
"16MA0713","SpID.0083","Pv16-715","13-Jul-16","Commencement Bay"
"16MA0714","SpID.0083","Pv16-716","13-Jul-16","Commencement Bay"
"16MA0715","SpID.0083","Pv16-717","13-Jul-16","Commencement Bay"
"16MA0716","SpID.0083","Pv16-718","13-Jul-16","Commencement Bay"
"16MA0717","SpID.0083","Pv16-719","13-Jul-16","Commencement Bay"
"16MA0718","SpID.0083","Pv16-720","13-Jul-16","Commencement Bay"
"16MA0719","SpID.0083","Pv16-721","13-Jul-16","Commencement Bay"
"16MA0720","SpID.0083","Pv16-722","13-Jul-16","Commencement Bay"
"16MA0721","SpID.0083","Pv16-723","13-Jul-16","Commencement Bay"
"16MA0722","SpID.0083","Pv16-724","13-Jul-16","Commencement Bay"
"16MA0723","SpID.0083","Pv16-725","13-Jul-16","Commencement Bay"
"16MA0724","SpID.0083","Pv16-726","13-Jul-16","Commencement Bay"
"16MA0725","SpID.0083","Pv16-727","13-Jul-16","Commencement Bay"
"16MA0726","SpID.0083","Pv16-728","13-Jul-16","Commencement Bay"
"16MA0727","SpID.0083","Pv16-729","13-Jul-16","Commencement Bay"
"16MA0728","SpID.0083","Pv16-730","13-Jul-16","Commencement Bay"
"16MA0729","SpID.0083","Pv16-731","13-Jul-16","Commencement Bay"
"16MA0730","SpID.0083","Pv16-732","13-Jul-16","Commencement Bay"
"16MA0731","SpID.0083","Pv16-733","13-Jul-16","Commencement Bay"
"16MA0732","SpID.0083","Pv16-734","13-Jul-16","Commencement Bay"
"16MA0733","SpID.0083","Pv16-735","13-Jul-16","Commencement Bay"
"16MA0734","SpID.0083","Pv16-736","13-Jul-16","Commencement Bay"
"16MA0735","SpID.0083","Pv16-737","13-Jul-16","Commencement Bay"
"16MA0736","SpID.0083","Pv16-738","13-Jul-16","Commencement Bay"
"16MA0737","SpID.0083","Pv16-739","13-Jul-16","Commencement Bay"
"16MA0738","SpID.0083","Pv16-740","13-Jul-16","Commencement Bay"
"16MA0739","SpID.0083","Pv16-741","13-Jul-16","Commencement Bay"
"16MA0740","SpID.0083","Pv16-742","13-Jul-16","Commencement Bay"
"16MA0741","SpID.0083","Pv16-743","13-Jul-16","Commencement Bay"
"16MA0742","SpID.0083","Pv16-744","13-Jul-16","Commencement Bay"
"16MA0743","SpID.0083","Pv16-745","13-Jul-16","Commencement Bay"
"16MA0744","SpID.0083","Pv16-746","13-Jul-16","Commencement Bay"
"16MA0745","SpID.0083","Pv16-747","13-Jul-16","Commencement Bay"
"16MA0746","SpID.0083","Pv16-748","13-Jul-16","Commencement Bay"
"16MA0747","SpID.0083","Pv16-749","13-Jul-16","Commencement Bay"
"16MA0748","SpID.0083","Pv16-750","13-Jul-16","Commencement Bay"
"16MA0749","SpID.0083","Pv16-751","13-Jul-16","Commencement Bay"
"16MA0750","SpID.0083","Pv16-752","13-Jul-16","Commencement Bay"
"16MA0751","SpID.0083","Pv16-753","13-Jul-16","Commencement Bay"
"16MA0752","SpID.0083","Pv16-754","13-Jul-16","Commencement Bay"
"16MA0753","SpID.0083","Pv16-755","13-Jul-16","Commencement Bay"
"16MA0754","SpID.0083","Pv16-756","13-Jul-16","Commencement Bay"
"16MA0755","SpID.0083","Pv16-757","13-Jul-16","Commencement Bay"
"16MA0756","SpID.0083","Pv16-758","13-Jul-16","Commencement Bay"
"16MA0757","SpID.0083","Pv16-759","13-Jul-16","Commencement Bay"
"16MA0758","SpID.0083","Pv16-760","13-Jul-16","Commencement Bay"
"16MA0759","SpID.0083","Pv16-761","13-Jul-16","Commencement Bay"
"16MA0760","SpID.0083","Pv16-762","13-Jul-16","Commencement Bay"
"16MA0761","SpID.0083","Pv16-763","13-Jul-16","Commencement Bay"
"16MA0762","SpID.0083","Pv16-764","13-Jul-16","Commencement Bay"
"16MA0763","SpID.0083","Pv16-765","13-Jul-16","Commencement Bay"
"16MA0764","SpID.0083","Pv16-766","13-Jul-16","Commencement Bay"
"16MA0765","SpID.0083","Pv16-767","12-Aug-16","Commencement Bay"
"16MA0766","SpID.0083","Pv16-768","12-Aug-16","Commencement Bay"
"16MA0767","SpID.0083","Pv16-769","12-Aug-16","Commencement Bay"
"16MA0768","SpID.0083","Pv16-770","12-Aug-16","Commencement Bay"
"16MA0769","SpID.0083","Pv16-771","12-Aug-16","Commencement Bay"
"16MA0770","SpID.0083","Pv16-772","12-Aug-16","Commencement Bay"
"16MA0771","SpID.0083","Pv16-773","12-Aug-16","Commencement Bay"
"16MA0772","SpID.0083","Pv16-774","12-Aug-16","Commencement Bay"
"16MA0773","SpID.0083","Pv16-775","12-Aug-16","Commencement Bay"
"16MA0774","SpID.0083","Pv16-776","12-Aug-16","Commencement Bay"
"16MA0775","SpID.0083","Pv16-777","12-Aug-16","Commencement Bay"
"16MA0776","SpID.0083","Pv16-778","12-Aug-16","Commencement Bay"
"16MA0777","SpID.0083","Pv16-779","12-Aug-16","Commencement Bay"
"16MA0778","SpID.0083","Pv16-780","12-Aug-16","Commencement Bay"
"16MA0779","SpID.0083","Pv16-781","12-Aug-16","Commencement Bay"
"16MA0780","SpID.0083","Pv16-782","12-Aug-16","Commencement Bay"
"16MA0781","SpID.0083","Pv16-783","12-Aug-16","Commencement Bay"
"16MA0782","SpID.0083","Pv16-784","12-Aug-16","Commencement Bay"
"16MA0783","SpID.0083","Pv16-785","12-Aug-16","Commencement Bay"
"16MA0784","SpID.0083","Pv16-786","12-Aug-16","Commencement Bay"
"16MA0785","SpID.0083","Pv16-787","22-Aug-16","Commencement Bay"
"16MA0786","SpID.0083","Pv16-788","22-Aug-16","Commencement Bay"
"16MA0787","SpID.0083","Pv16-789","22-Aug-16","Commencement Bay"
"16MA0788","SpID.0083","Pv16-790","22-Aug-16","Commencement Bay"
"16MA0789","SpID.0083","Pv16-791","22-Aug-16","Commencement Bay"
"16MA0790","SpID.0083","Pv16-792","22-Aug-16","Commencement Bay"
"16MA0791","SpID.0083","Pv16-793","22-Aug-16","Commencement Bay"
"16MA0792","SpID.0083","Pv16-794","22-Aug-16","Commencement Bay"
"16MA0793","SpID.0084","Pv16-795","22-Aug-16","Commencement Bay"
"16MA0794","SpID.0084","Pv16-796","22-Aug-16","Commencement Bay"
"16MA0795","SpID.0084","Pv16-797","22-Aug-16","Commencement Bay"
"16MA0796","SpID.0084","Pv16-798","22-Aug-16","Commencement Bay"
"16MA0797","SpID.0084","Pv16-799","22-Aug-16","Commencement Bay"
"16MA0798","SpID.0084","Pv16-800","22-Aug-16","Commencement Bay"
"16MA0799","SpID.0084","Pv16-801","22-Aug-16","Commencement Bay"
"16MA0800","SpID.0084","Pv16-802","22-Aug-16","Commencement Bay"
"16MA0801","SpID.0084","Pv16-803","22-Aug-16","Commencement Bay"
"16MA0802","SpID.0084","Pv16-804","22-Aug-16","Commencement Bay"
"16MA0803","SpID.0084","Pv16-805","22-Aug-16","Commencement Bay"
"16MA0804","SpID.0084","Pv16-806","22-Aug-16","Commencement Bay"
"16MA0805","SpID.0084","Pv16-807","22-Aug-16","Commencement Bay"
"16MA0806","SpID.0084","Pv16-808","22-Aug-16","Commencement Bay"
"16MA0807","SpID.0084","Pv16-809","22-Aug-16","Commencement Bay"
"16MA0808","SpID.0084","Pv16-810","22-Aug-16","Commencement Bay"
"16MA0809","SpID.0084","Pv16-811","22-Aug-16","Commencement Bay"
"16MA0810","SpID.0084","Pv16-812","22-Aug-16","Commencement Bay"
"16MA0811","SpID.0084","Pv16-813","22-Aug-16","Commencement Bay"
"16MA0812","SpID.0084","Pv16-814","22-Aug-16","Commencement Bay"
"16MA0813","SpID.0084","Pv16-815","22-Aug-16","Commencement Bay"
"16MA0814","SpID.0084","Pv16-816","22-Aug-16","Commencement Bay"
"16MA0815","SpID.0084","Pv16-817","22-Aug-16","Commencement Bay"
"16MA0816","SpID.0084","Pv16-818","22-Aug-16","Commencement Bay"
"16MA0817","SpID.0084","Pv16-819","22-Aug-16","Commencement Bay"
"16MA0818","SpID.0084","Pv16-820","22-Aug-16","Woodard Bay"
"16MA0819","SpID.0084","Pv16-821","22-Aug-16","Woodard Bay"
"16MA0820","SpID.0084","Pv16-822","22-Aug-16","Woodard Bay"
"16MA0821","SpID.0084","Pv16-823","22-Aug-16","Woodard Bay"
"16MA0822","SpID.0084","Pv16-824","22-Aug-16","Woodard Bay"
"16MA0823","SpID.0084","Pv16-825","22-Aug-16","Woodard Bay"
"16MA0824","SpID.0084","Pv16-826","22-Aug-16","Woodard Bay"
"16MA0825","SpID.0084","Pv16-827","22-Aug-16","Woodard Bay"
"16MA0826","SpID.0084","Pv16-828","22-Aug-16","Woodard Bay"
"16MA0827","SpID.0084","Pv16-829","22-Aug-16","Woodard Bay"
"16MA0828","SpID.0084","Pv16-830","22-Aug-16","Woodard Bay"
"16MA0829","SpID.0084","Pv16-831","22-Aug-16","Woodard Bay"
"16MA0830","SpID.0084","Pv16-832","22-Aug-16","Woodard Bay"
"16MA0831","SpID.0084","Pv16-833","22-Aug-16","Woodard Bay"
"16MA0832","SpID.0084","Pv16-834","12-Aug-16","Woodard Bay"
"16MA0833","SpID.0084","Pv16-835","12-Aug-16","Woodard Bay"
"16MA0834","SpID.0084","Pv16-836","12-Aug-16","Woodard Bay"
"16MA0835","SpID.0084","Pv16-837","12-Aug-16","Woodard Bay"
"16MA0836","SpID.0084","Pv16-838","12-Aug-16","Woodard Bay"
"16MA0837","SpID.0084","Pv16-839","12-Aug-16","Woodard Bay"
"16MA0838","SpID.0084","Pv16-840","12-Aug-16","Woodard Bay"
"16MA0839","SpID.0084","Pv16-841","12-Aug-16","Woodard Bay"
"16MA0840","SpID.0084","Pv16-842","12-Aug-16","Woodard Bay"
"16MA0841","SpID.0084","Pv16-843","12-Aug-16","Woodard Bay"
"16MA0842","SpID.0084","Pv16-844","12-Aug-16","Woodard Bay"
"16MA0843","SpID.0084","Pv16-845","12-Aug-16","Woodard Bay"
"16MA0844","SpID.0084","Pv16-846","12-Aug-16","Woodard Bay"
"16MA0845","SpID.0084","Pv16-847","12-Aug-16","Woodard Bay"
"16MA0846","SpID.0084","Pv16-848","12-Aug-16","Woodard Bay"
"16MA0847","SpID.0084","Pv16-849","12-Aug-16","Woodard Bay"
"16MA0848","SpID.0084","Pv16-850","12-Aug-16","Woodard Bay"
"16MA0849","SpID.0084","Pv16-851","22-Aug-16","Still Harbor"
"16MA0850","SpID.0084","Pv16-852","22-Aug-16","Still Harbor"
"16MA0851","SpID.0084","Pv16-853","22-Aug-16","Still Harbor"
"16MA0852","SpID.0084","Pv16-854","22-Aug-16","Still Harbor"
"16MA0853","SpID.0084","Pv16-855","22-Aug-16","Still Harbor"
"16MA0854","SpID.0084","Pv16-856","22-Aug-16","Still Harbor"
"16MA0855","SpID.0084","Pv16-857","12-Aug-16","Still Harbor"
"16MA0856","SpID.0084","Pv16-858","12-Aug-16","Still Harbor"
"16MA0857","SpID.0084","Pv16-859","22-Aug-16","Eagle Island"
"16MA0858","SpID.0084","Pv16-860","12-Aug-16","Eagle Island"
"16MA0859","SpID.0084","Pv16-861","6-May-16","Still Harbor"
"16MA0860","SpID.0084","Pv16-862","6-May-16","Still Harbor"
"16MA0861","SpID.0084","Pv16-863","6-May-16","Still Harbor"
"16MA0862","SpID.0084","Pv16-864","6-May-16","Still Harbor"
"16MA0863","SpID.0084","Pv16-865","6-May-16","Still Harbor"
"16MA0864","SpID.0084","Pv16-866","6-May-16","Still Harbor"
"16MA0865","SpID.0084","Pv16-867","6-May-16","Still Harbor"
"16MA0866","SpID.0084","Pv16-868","6-May-16","Still Harbor"
"17QB0001","SpID.0106","Pv17-234","23-Apr-17","Cutts Island"
"17QB0002","SpID.0106","Pv17-235","23-Apr-17","Cutts Island"
"17QB0003","SpID.0106","Pv17-236","23-Apr-17","Cutts Island"
"17QB0004","SpID.0106","Pv17-237","23-Apr-17","Cutts Island"
"17QB0005","SpID.0106","Pv17-238","23-Apr-17","Cutts Island"
"17QB0006","SpID.0106","Pv17-239","23-Apr-17","Cutts Island"
"17QB0007","SpID.0106","Pv17-240","23-Apr-17","Cutts Island"
"17QB0008","SpID.0106","Pv17-241","23-Apr-17","Cutts Island"
"17QB0009","SpID.0106","Pv17-242","23-Apr-17","Cutts Island"
"17QB0010","SpID.0106","Pv17-243","23-Apr-17","Cutts Island"
"17QB0011","SpID.0106","Pv17-244","23-Apr-17","Eagle Island"
"17QB0012","SpID.0106","Pv17-245","23-Apr-17","Eagle Island"
"17QB0013","SpID.0106","Pv17-246","23-Apr-17","Eagle Island"
"17QB0014","SpID.0106","Pv17-247","23-Apr-17","Eagle Island"
"17QB0015","SpID.0106","Pv17-248","23-Apr-17","Eagle Island"
"17QB0016","SpID.0106","Pv17-249","23-Apr-17","Eagle Island"
"17QB0017","SpID.0106","Pv17-250","23-Apr-17","Eagle Island"
"17QB0018","SpID.0106","Pv17-251","23-Apr-17","Eagle Island"
"17QB0019","SpID.0106","Pv17-252","23-Apr-17","Eagle Island"
"17QB0020","SpID.0106","Pv17-253","23-Apr-17","Eagle Island"
"17QB0021","SpID.0106","Pv17-254","23-Apr-17","Eagle Island"
"17QB0022","SpID.0106","Pv17-255","23-Apr-17","Gertrude Island"
"17QB0023","SpID.0106","Pv17-256","23-Apr-17","Gertrude Island"
"17QB0024","SpID.0106","Pv17-257","23-Apr-17","Gertrude Island"
"17QB0025","SpID.0106","Pv17-258","23-Apr-17","Gertrude Island"
"17QB0026","SpID.0106","Pv17-259","23-Apr-17","Gertrude Island"
"17QB0027","SpID.0106","Pv17-260","23-Apr-17","Gertrude Island"
"17QB0028","SpID.0106","Pv17-261","23-Apr-17","Gertrude Island"
"17QB0029","SpID.0106","Pv17-262","23-Apr-17","Gertrude Island"
"17QB0030","SpID.0106","Pv17-263","23-Apr-17","Gertrude Island"
"17QB0031","SpID.0106","Pv17-264","23-Apr-17","Gertrude Island"
"17QB0032","SpID.0106","Pv17-265","23-Apr-17","Gertrude Island"
"17QB0033","SpID.0106","Pv17-266","23-Apr-17","Gertrude Island"
"17QB0034","SpID.0106","Pv17-267","23-Apr-17","Gertrude Island"
"17QB0035","SpID.0106","Pv17-268","30-Apr-17","Woodard Bay"
"17QB0036","SpID.0106","Pv17-269","30-Apr-17","Woodard Bay"
"17QB0037","SpID.0106","Pv17-270","30-Apr-17","Woodard Bay"
"17QB0038","SpID.0106","Pv17-271","30-Apr-17","Woodard Bay"
"17QB0039","SpID.0106","Pv17-272","30-Apr-17","Eagle Island"
"17QB0040","SpID.0106","Pv17-273","30-Apr-17","Eagle Island"
"17QB0041","SpID.0106","Pv17-274","30-Apr-17","Eagle Island"
"17QB0042","SpID.0106","Pv17-275","30-Apr-17","Eagle Island"
"17QB0043","SpID.0106","Pv17-276","30-Apr-17","Eagle Island"
"17QB0044","SpID.0106","Pv17-277","30-Apr-17","Eagle Island"
"17QB0045","SpID.0106","Pv17-278","30-Apr-17","Eagle Island"
"17QB0046","SpID.0106","Pv17-279","30-Apr-17","Eagle Island"
"17QB0047","SpID.0106","Pv17-280","30-Apr-17","Cutts Island"
"17QB0048","SpID.0106","Pv17-281","30-Apr-17","Cutts Island"
"17QB0049","SpID.0106","Pv17-282","30-Apr-17","Cutts Island"
"17QB0050","SpID.0106","Pv17-283","30-Apr-17","Cutts Island"
"17QB0051","SpID.0106","Pv17-284","30-Apr-17","Cutts Island"
"17QB0052","SpID.0106","Pv17-285","30-Apr-17","Cutts Island"
"17QB0053","SpID.0106","Pv17-286","30-Apr-17","Cutts Island"
"17QB0054","SpID.0106","Pv17-287","30-Apr-17","Cutts Island"
"17QB0055","SpID.0106","Pv17-288","30-Apr-17","Cutts Island"
"17QB0056","SpID.0106","Pv17-289","30-Apr-17","Cutts Island"
"17QB0057","SpID.0106","Pv17-290","30-Apr-17","Cutts Island"
"17QB0058","SpID.0106","Pv17-291","30-Apr-17","Cutts Island"
"17QB0059","SpID.0106","Pv17-292","30-Apr-17","Cutts Island"
"17QB0060","SpID.0106","Pv17-293","30-Apr-17","Cutts Island"
"17QB0061","SpID.0106","Pv17-294","30-Apr-17","Cutts Island"
"17QB0062","SpID.0106","Pv17-295","30-Apr-17","Cutts Island"
"17QB0064","SpID.0106","Pv17-297","30-Apr-17","Gertrude Island"
"17QB0065","SpID.0106","Pv17-298","30-Apr-17","Gertrude Island"
"17QB0066","SpID.0106","Pv17-299","30-Apr-17","Gertrude Island"
"17QB0067","SpID.0106","Pv17-300","30-Apr-17","Gertrude Island"
"17QB0068","SpID.0106","Pv17-301","30-Apr-17","Gertrude Island"
"17QB0069","SpID.0106","Pv17-302","30-Apr-17","Gertrude Island"
"17QB0070","SpID.0106","Pv17-303","30-Apr-17","Gertrude Island"
"17QB0071","SpID.0106","Pv17-304","30-Apr-17","Gertrude Island"
"17QB0072","SpID.0106","Pv17-305","30-Apr-17","Gertrude Island"
"17QB0073","SpID.0106","Pv17-306","30-Apr-17","Gertrude Island"
"17QB0074","SpID.0106","Pv17-307","30-Apr-17","Gertrude Island"
"17QB0075","SpID.0106","Pv17-308","30-Apr-17","Gertrude Island"
"17QB0076","SpID.0106","Pv17-309","30-Apr-17","Gertrude Island"
"17QB0077","SpID.0106","Pv17-310","30-Apr-17","Gertrude Island"
"17QB0078","SpID.0106","Pv17-311","30-Apr-17","Gertrude Island"
"17QB0079","SpID.0106","Pv17-312","30-Apr-17","Gertrude Island"
"17QB0080","SpID.0106","Pv17-313","30-Apr-17","Gertrude Island"
"17QB0081","SpID.0106","Pv17-314","30-Apr-17","Gertrude Island"
"17QB0082","SpID.0106","Pv17-315","30-Apr-17","Gertrude Island"
"17QB0083","SpID.0106","Pv17-316","30-Apr-17","Gertrude Island"
"17QB0084","SpID.0106","Pv17-317","30-Apr-17","Gertrude Island"
"17QB0085","SpID.0106","Pv17-318","30-Apr-17","Gertrude Island"
"17QB0086","SpID.0106","Pv17-319","5-May-17","Cutts Island"
"17QB0087","SpID.0106","Pv17-320","5-May-17","Cutts Island"
"17QB0088","SpID.0106","Pv17-321","5-May-17","Cutts Island"
"17QB0089","SpID.0106","Pv17-322","5-May-17","Cutts Island"
"17QB0090","SpID.0106","Pv17-323","5-May-17","Cutts Island"
"17QB0091","SpID.0106","Pv17-324","5-May-17","Cutts Island"
"17QB0092","SpID.0106","Pv17-325","5-May-17","Cutts Island"
"17QB0093","SpID.0107","Pv17-326","5-May-17","Cutts Island"
"17QB0094","SpID.0107","Pv17-327","5-May-17","Cutts Island"
"17QB0095","SpID.0107","Pv17-328","5-May-17","Cutts Island"
"17QB0096","SpID.0107","Pv17-329","5-May-17","Eagle Island"
"17QB0097","SpID.0107","Pv17-330","5-May-17","Eagle Island"
"17QB0098","SpID.0107","Pv17-331","5-May-17","Eagle Island"
"17QB0099","SpID.0107","Pv17-332","5-May-17","Gertrude Island"
"17QB0100","SpID.0107","Pv17-333","5-May-17","Gertrude Island"
"17QB0101","SpID.0107","Pv17-334","5-May-17","Gertrude Island"
"17QB0102","SpID.0107","Pv17-335","5-May-17","Gertrude Island"
"17QB0103","SpID.0107","Pv17-336","5-May-17","Gertrude Island"
"17QB0104","SpID.0107","Pv17-337","5-May-17","Gertrude Island"
"17QB0105","SpID.0107","Pv17-338","5-May-17","Gertrude Island"
"17QB0106","SpID.0107","Pv17-339","5-May-17","Gertrude Island"
"17QB0107","SpID.0107","Pv17-340","5-May-17","Gertrude Island"
"17QB0108","SpID.0107","Pv17-341","5-May-17","Gertrude Island"
"17QB0109","SpID.0107","Pv17-342","5-May-17","Gertrude Island"
"17QB0110","SpID.0107","Pv17-343","5-May-17","Gertrude Island"
"17QB0111","SpID.0107","Pv17-344","5-May-17","Gertrude Island"
"17QB0112","SpID.0107","Pv17-345","5-May-17","Gertrude Island"
"17QB0113","SpID.0107","Pv17-346","5-May-17","Gertrude Island"
"17QB0114","SpID.0107","Pv17-347","5-May-17","Gertrude Island"
"17QB0115","SpID.0107","Pv17-348","5-May-17","Gertrude Island"
"17QB0116","SpID.0107","Pv17-349","5-May-17","Gertrude Island"
"17QB0117","SpID.0107","Pv17-350","5-May-17","Gertrude Island"
"17QB0118","SpID.0107","Pv17-351","5-May-17","Gertrude Island"
"17QB0119","SpID.0107","Pv17-352","5-May-17","Gertrude Island"
"17QB0120","SpID.0107","Pv17-353","5-May-17","Gertrude Island"
"17QB0121","SpID.0107","Pv17-354","5-May-17","Gertrude Island"
"17QB0122","SpID.0107","Pv17-355","5-May-17","Gertrude Island"
"17QB0123","SpID.0107","Pv17-356","5-May-17","Gertrude Island"
"17QB0124","SpID.0107","Pv17-357","5-May-17","Gertrude Island"
"17QB0125","SpID.0107","Pv17-358","5-May-17","Gertrude Island"
"17QB0126","SpID.0107","Pv17-359","5-May-17","Gertrude Island"
"17QB0127","SpID.0107","Pv17-360","5-May-17","Gertrude Island"
"17QB0128","SpID.0107","Pv17-361","5-May-17","Gertrude Island"
"17QB0129","SpID.0107","Pv17-362","5-May-17","Gertrude Island"
"17QB0130","SpID.0107","Pv17-363","5-May-17","Gertrude Island"
"17QB0131","SpID.0107","Pv17-364","5-May-17","Gertrude Island"
"17QB0132","SpID.0107","Pv17-365","5-May-17","Gertrude Island"
"17QB0133","SpID.0107","Pv17-366","5-May-17","Gertrude Island"
"17QB0134","SpID.0107","Pv17-367","5-May-17","Gertrude Island"
"17QB0135","SpID.0107","Pv17-368","5-May-17","Gertrude Island"
"17QB0136","SpID.0107","Pv17-369","5-May-17","Gertrude Island"
"17QB0137","SpID.0107","Pv17-370","12-May-17","Eagle Island"
"17QB0138","SpID.0107","Pv17-371","12-May-17","Eagle Island"
"17QB0139","SpID.0107","Pv17-372","12-May-17","Eagle Island"
"17QB0140","SpID.0107","Pv17-373","12-May-17","Eagle Island"
"17QB0141","SpID.0107","Pv17-374","12-May-17","Eagle Island"
"17QB0142","SpID.0107","Pv17-375","12-May-17","Eagle Island"
"17QB0143","SpID.0107","Pv17-376","12-May-17","Seal Beach"
"17QB0144","SpID.0107","Pv17-377","12-May-17","Seal Beach"
"17QB0145","SpID.0107","Pv17-378","12-May-17","Seal Beach"
"17QB0146","SpID.0107","Pv17-379","12-May-17","Seal Beach"
"17QB0147","SpID.0107","Pv17-380","12-May-17","Seal Beach"
"17QB0148","SpID.0107","Pv17-381","12-May-17","Seal Beach"
"17QB0149","SpID.0107","Pv17-382","12-May-17","Seal Beach"
"17QB0150","SpID.0107","Pv17-383","12-May-17","Seal Beach"
"17QB0151","SpID.0107","Pv17-384","12-May-17","Seal Beach"
"17QB0152","SpID.0107","Pv17-385","12-May-17","Seal Beach"
"17QB0153","SpID.0107","Pv17-386","12-May-17","Seal Beach"
"17QB0154","SpID.0107","Pv17-387","18-May-17","Gertrude Island"
"17QB0155","SpID.0107","Pv17-388","18-May-17","Gertrude Island"
"17QB0156","SpID.0107","Pv17-389","18-May-17","Gertrude Island"
"17QB0157","SpID.0107","Pv17-390","18-May-17","Seal Beach"
"17QB0158","SpID.0107","Pv17-391","18-May-17","Seal Beach"
"17QB0159","SpID.0107","Pv17-392","18-May-17","Seal Beach"
"17QB0160","SpID.0107","Pv17-393","18-May-17","Seal Beach"
"17QB0161","SpID.0107","Pv17-394","18-May-17","Seal Beach"
"17QB0162","SpID.0107","Pv17-395","18-May-17","Seal Beach"
"17QB0163","SpID.0107","Pv17-396","18-May-17","Seal Beach"
"17QB0164","SpID.0107","Pv17-397","18-May-17","Seal Beach"
"17QB0165","SpID.0107","Pv17-398","18-May-17","Eagle Island"
"17QB0166","SpID.0107","Pv17-399","18-May-17","Eagle Island"
"17QB0167","SpID.0107","Pv17-400","18-May-17","Eagle Island"
"17QB0168","SpID.0107","Pv17-401","18-May-17","Eagle Island"
"17QB0169","SpID.0107","Pv17-402","18-May-17","Eagle Island"
"17QB0170","SpID.0107","Pv17-403","18-May-17","Eagle Island"
"17QB0171","SpID.0107","Pv17-404","18-May-17","Eagle Island"
"17QB0172","SpID.0107","Pv17-405","18-May-17","Eagle Island"
"17QB0173","SpID.0107","Pv17-406","18-May-17","Eagle Island"
"17QB0174","SpID.0107","Pv17-407","18-May-17","Eagle Island"
"17QB0175","SpID.0107","Pv17-408","18-May-17","Eagle Island"
"17QB0176","SpID.0107","Pv17-409","18-May-17","Eagle Island"
"17QB0177","SpID.0107","Pv17-410","18-May-17","Eagle Island"
"17QB0178","SpID.0107","Pv17-411","18-May-17","Eagle Island"
"17QB0179","SpID.0107","Pv17-412","18-May-17","Eagle Island"
"17QB0180","SpID.0107","Pv17-413","18-May-17","Cutts Island"
"17QB0181","SpID.0107","Pv17-414","18-May-17","Cutts Island"
"17QB0182","SpID.0107","Pv17-415","18-May-17","Cutts Island"
"17QB0183","SpID.0107","Pv17-416","18-May-17","Cutts Island"
"17QB0184","SpID.0107","Pv17-417","18-May-17","Cutts Island"
"17QB0185","SpID.0108","Pv17-418","18-May-17","Cutts Island"
"17QB0186","SpID.0108","Pv17-419","18-May-17","Cutts Island"
"17QB0187","SpID.0108","Pv17-420","18-May-17","Cutts Island"
"17QB0188","SpID.0108","Pv17-421","18-May-17","Cutts Island"
"17QB0189","SpID.0108","Pv17-422","18-May-17","Cutts Island"
"17QB0190","SpID.0108","Pv17-423","18-May-17","Cutts Island"
"17QB0191","SpID.0108","Pv17-424","18-May-17","Cutts Island"
"17QB0192","SpID.0108","Pv17-425","18-May-17","Cutts Island"
"17QB0193","SpID.0108","Pv17-426","18-May-17","Cutts Island"
"17QB0194","SpID.0108","Pv17-427","18-May-17","Cutts Island"
"17QB0195","SpID.0108","Pv17-428","18-May-17","Cutts Island"
"17QB0196","SpID.0108","Pv17-429","18-May-17","Cutts Island"
"17QB0197","SpID.0108","Pv17-430","18-May-17","Cutts Island"
"17QB0198","SpID.0108","Pv17-431","26-May-17","Eagle Island"
"17QB0199","SpID.0108","Pv17-432","26-May-17","Seal Beach"
"17QB0200","SpID.0108","Pv17-433","26-May-17","Seal Beach"
"17QB0201","SpID.0108","Pv17-434","26-May-17","Seal Beach"
"17QB0202","SpID.0108","Pv17-435","26-May-17","Cutts Island"
"17QB0203","SpID.0108","Pv17-436","26-May-17","Cutts Island"
"17QB0204","SpID.0108","Pv17-437","26-May-17","Cutts Island"
"17QB0205","SpID.0108","Pv17-438","26-May-17","Cutts Island"
"17QB0206","SpID.0108","Pv17-439","26-May-17","Gertrude Island"
"17QB0207","SpID.0108","Pv17-440","26-May-17","Gertrude Island"
"17QB0208","SpID.0108","Pv17-441","26-May-17","Gertrude Island"
"17QB0209","SpID.0108","Pv17-442","26-May-17","Gertrude Island"
"17QB0210","SpID.0108","Pv17-443","26-May-17","Gertrude Island"
"17QB0211","SpID.0108","Pv17-444","26-May-17","Gertrude Island"
"17QB0212","SpID.0108","Pv17-445","26-May-17","Gertrude Island"
"17QB0213","SpID.0108","Pv17-446","26-May-17","Gertrude Island"
"17QB0214","SpID.0108","Pv17-447","26-May-17","Gertrude Island"
"17QB0215","SpID.0108","Pv17-448","26-May-17","Gertrude Island"
"17QB0216","SpID.0108","Pv17-449","26-May-17","Gertrude Island"
"17QB0217","SpID.0108","Pv17-450","26-May-17","Gertrude Island"
"17QB0218","SpID.0108","Pv17-451","26-May-17","Gertrude Island"
"17QB0219","SpID.0108","Pv17-452","26-May-17","Gertrude Island"
"17QB0220","SpID.0108","Pv17-453","26-May-17","Gertrude Island"
"17QB0221","SpID.0108","Pv17-454","26-May-17","Gertrude Island"
"17QB0222","SpID.0108","Pv17-455","26-May-17","Gertrude Island"
"17QB0223","SpID.0108","Pv17-456","26-May-17","Gertrude Island"
"17QB0224","SpID.0108","Pv17-457","26-May-17","Gertrude Island"
"17QB0225","SpID.0108","Pv17-458","26-May-17","Gertrude Island"
"17QB0226","SpID.0108","Pv17-459","26-May-17","Gertrude Island"
"17QB0227","SpID.0108","Pv17-460","26-May-17","Gertrude Island"
"17QB0228","SpID.0108","Pv17-461","26-May-17","Gertrude Island"
"17QB0229","SpID.0108","Pv17-462","26-May-17","Gertrude Island"
"17QB0230","SpID.0108","Pv17-463","26-May-17","Gertrude Island"
"17QB0231","SpID.0108","Pv17-464","26-May-17","Gertrude Island"
"17QB0232","SpID.0108","Pv17-465","26-May-17","Gertrude Island"
"17QB0233","SpID.0108","Pv17-466","26-May-17","Gertrude Island"
"17QB0234","SpID.0108","Pv17-467","26-May-17","Gertrude Island"
"17QB0235","SpID.0108","Pv17-468","26-May-17","Gertrude Island"
"17QB0236","SpID.0108","Pv17-469","7-Jun-17","Eagle Island"
"17QB0237","SpID.0108","Pv17-470","7-Jun-17","Eagle Island"
"17QB0238","SpID.0108","Pv17-471","7-Jun-17","Eagle Island"
"17QB0239","SpID.0108","Pv17-472","7-Jun-17","Eagle Island"
"17QB0240","SpID.0108","Pv17-473","7-Jun-17","Eagle Island"
"17QB0241","SpID.0108","Pv17-474","7-Jun-17","Eagle Island"
"17QB0242","SpID.0108","Pv17-475","7-Jun-17","Cutts Island"
"17QB0243","SpID.0108","Pv17-476","7-Jun-17","Cutts Island"
"17QB0244","SpID.0108","Pv17-477","7-Jun-17","Cutts Island"
"17QB0245","SpID.0108","Pv17-478","7-Jun-17","Cutts Island"
"17QB0246","SpID.0108","Pv17-479","7-Jun-17","Cutts Island"
"17QB0247","SpID.0108","Pv17-480","7-Jun-17","Cutts Island"
"17QB0248","SpID.0108","Pv17-481","7-Jun-17","Cutts Island"
"17QB0249","SpID.0108","Pv17-482","7-Jun-17","Cutts Island"
"17QB0250","SpID.0108","Pv17-483","7-Jun-17","Gertrude Island"
"17QB0251","SpID.0108","Pv17-484","7-Jun-17","Gertrude Island"
"17QB0252","SpID.0108","Pv17-485","7-Jun-17","Gertrude Island"
"17QB0253","SpID.0108","Pv17-486","7-Jun-17","Gertrude Island"
"17QB0254","SpID.0108","Pv17-487","7-Jun-17","Gertrude Island"
"17QB0255","SpID.0108","Pv17-488","7-Jun-17","Gertrude Island"
"17QB0256","SpID.0108","Pv17-489","7-Jun-17","Gertrude Island"
"17QB0257","SpID.0108","Pv17-490","7-Jun-17","Gertrude Island"
"17QB0258","SpID.0108","Pv17-491","7-Jun-17","Gertrude Island"
"17QB0259","SpID.0108","Pv17-492","7-Jun-17","Gertrude Island"
"17QB0260","SpID.0108","Pv17-493","7-Jun-17","Gertrude Island"
"17QB0261","SpID.0108","Pv17-494","7-Jun-17","Gertrude Island"
"17QB0262","SpID.0108","Pv17-495","7-Jun-17","Gertrude Island"
"17QB0263","SpID.0108","Pv17-496","7-Jun-17","Gertrude Island"
"17QB0264","SpID.0108","Pv17-497","7-Jun-17","Gertrude Island"
"17QB0265","SpID.0108","Pv17-498","7-Jun-17","Gertrude Island"
"17QB0266","SpID.0108","Pv17-499","7-Jun-17","Gertrude Island"
"17QB0267","SpID.0108","Pv17-500","7-Jun-17","Gertrude Island"
"17QB0268","SpID.0108","Pv17-501","7-Jun-17","Gertrude Island"
"17QB0269","SpID.0108","Pv17-502","7-Jun-17","Gertrude Island"
"17QB0270","SpID.0108","Pv17-503","7-Jun-17","Gertrude Island"
"17QB0271","SpID.0108","Pv17-504","7-Jun-17","Gertrude Island"
"17QB0272","SpID.0108","Pv17-505","7-Jun-17","Gertrude Island"
"17QB0273","SpID.0108","Pv17-506","7-Jun-17","Gertrude Island"
"17QB0274","SpID.0108","Pv17-507","7-Jun-17","Gertrude Island"
"17QB0275","SpID.0108","Pv17-508","7-Jun-17","Gertrude Island"
"17QB0276","SpID.0108","Pv17-509","7-Jun-17","Gertrude Island"
"17QB0277","SpID.0109","Pv17-510","7-Jun-17","Gertrude Island"
"17QB0278","SpID.0109","Pv17-511","7-Jun-17","Gertrude Island"
"17QB0279","SpID.0109","Pv17-512","7-Jun-17","Gertrude Island"
"17QB0280","SpID.0109","Pv17-513","7-Jun-17","Gertrude Island"
"17QB0281","SpID.0109","Pv17-514","7-Jun-17","Gertrude Island"
"17QB0282","SpID.0109","Pv17-515","7-Jun-17","Gertrude Island"
"17QB0283","SpID.0109","Pv17-516","7-Jun-17","Gertrude Island"
"17QB0284","SpID.0109","Pv17-517","7-Jun-17","Gertrude Island"
"17QB0285","SpID.0116","Pv17-518","7-Jun-17","Gertrude Island"
"17QB0286","SpID.0116","Pv17-519","7-Jun-17","Gertrude Island"
"17QB0287","SpID.0109","Pv17-520","7-Jun-17","Gertrude Island"
"17QB0288","SpID.0109","Pv17-521","7-Jun-17","Gertrude Island"
"17QB0289","SpID.0109","Pv17-522","7-Jun-17","Gertrude Island"
"17QB0290","SpID.0109","Pv17-523","7-Jun-17","Gertrude Island"
"17QB0291","SpID.0109","Pv17-524","7-Jun-17","Gertrude Island"
"17QB0292","SpID.0109","Pv17-525","7-Jun-17","Gertrude Island"
"17QB0293","SpID.0109","Pv17-526","7-Jun-17","Gertrude Island"
"17QB0294","SpID.0109","Pv17-527","14-Jun-17","Gertrude Island"
"17QB0295","SpID.0109","Pv17-528","14-Jun-17","Gertrude Island"
"17QB0296","SpID.0109","Pv17-529","14-Jun-17","Gertrude Island"
"17QB0297","SpID.0109","Pv17-530","14-Jun-17","Gertrude Island"
"17QB0298","SpID.0109","Pv17-531","14-Jun-17","Gertrude Island"
"17QB0299","SpID.0109","Pv17-532","14-Jun-17","Gertrude Island"
"17QB0300","SpID.0109","Pv17-533","14-Jun-17","Gertrude Island"
"17QB0301","SpID.0109","Pv17-534","14-Jun-17","Gertrude Island"
"17QB0302","SpID.0109","Pv17-535","14-Jun-17","Gertrude Island"
"17QB0303","SpID.0109","Pv17-536","14-Jun-17","Gertrude Island"
"17QB0304","SpID.0109","Pv17-537","14-Jun-17","Gertrude Island"
"17QB0305","SpID.0109","Pv17-538","14-Jun-17","Gertrude Island"
"17QB0306","SpID.0109","Pv17-539","14-Jun-17","Gertrude Island"
"17QB0307","SpID.0109","Pv17-540","14-Jun-17","Gertrude Island"
"17QB0308","SpID.0109","Pv17-541","14-Jun-17","Gertrude Island"
"17QB0309","SpID.0109","Pv17-542","14-Jun-17","Gertrude Island"
"17QB0310","SpID.0109","Pv17-543","14-Jun-17","Gertrude Island"
"17QB0311","SpID.0109","Pv17-544","14-Jun-17","Gertrude Island"
"17QB0312","SpID.0109","Pv17-545","14-Jun-17","Gertrude Island"
"17QB0313","SpID.0109","Pv17-546","14-Jun-17","Gertrude Island"
"17QB0314","SpID.0109","Pv17-547","14-Jun-17","Gertrude Island"
"17QB0315","SpID.0109","Pv17-548","14-Jun-17","Gertrude Island"
"17QB0316","SpID.0109","Pv17-549","14-Jun-17","Gertrude Island"
"17QB0317","SpID.0109","Pv17-550","14-Jun-17","Gertrude Island"
"17QB0318","SpID.0109","Pv17-551","14-Jun-17","Cutts Island"
"17QB0319","SpID.0109","Pv17-552","14-Jun-17","Cutts Island"
"17QB0320","SpID.0109","Pv17-553","14-Jun-17","Eagle Island"
"17QB0321","SpID.0109","Pv17-554","14-Jun-17","Eagle Island"
"17QB0322","SpID.0109","Pv17-555","14-Jun-17","Eagle Island"
"17QB0323","SpID.0109","Pv17-556","14-Jun-17","Eagle Island"
"17QB0324","SpID.0109","Pv17-557","14-Jun-17","Eagle Island"
"16OP0001","SpID.0088","WB001",NA,NA
"16OP0002","SpID.0088","WB002",NA,NA
"16OP0003","SpID.0088","WB003",NA,NA
"16OP0004","SpID.0088","WB004",NA,NA
"16OP0005","SpID.0088","WB005",NA,NA
"16OP0006","SpID.0088","WB006",NA,NA
"16OP0007","SpID.0088","WB007",NA,NA
"16OP0008","SpID.0088","WB008",NA,NA
"16OP0009","SpID.0088","WB009",NA,NA
"16OP0010","SpID.0088","WB010",NA,NA
"16OP0011","SpID.0088","WB011",NA,NA
"16OP0012","SpID.0088","WB012",NA,NA
"16OP0013","SpID.0088","WB013",NA,NA
"16OP0014","SpID.0088","WB014",NA,NA
"16OP0015","SpID.0088","WB015",NA,NA
"16OP0016","SpID.0088","WB016",NA,NA
"16OP0017","SpID.0088","WB017",NA,NA
"16OP0018","SpID.0088","WB018",NA,NA
"16OP0019","SpID.0088","WB019",NA,NA
"16OP0020","SpID.0088","WB020",NA,NA
"16OP0021","SpID.0088","WB021",NA,NA
"16OP0022","SpID.0088","WB022",NA,NA
"16OP0023","SpID.0088","WB023",NA,NA
"16OP0024","SpID.0088","WB024",NA,NA
"16OP0025","SpID.0088","WB025",NA,NA
"16OP0026","SpID.0088","WB026",NA,NA
"16OP0027","SpID.0088","WB027",NA,NA
"16OP0028","SpID.0088","WB028",NA,NA
"16OP0029","SpID.0088","WB029",NA,NA
"16OP0030","SpID.0088","WB030",NA,NA
"16OP0031","SpID.0088","WB031",NA,NA
"16OP0032","SpID.0088","WB032",NA,NA
"16OP0033","SpID.0088","WB033",NA,NA
"16OP0034","SpID.0088","WB034",NA,NA
"16OP0035","SpID.0088","WB035",NA,NA
"16OP0036","SpID.0088","WB036",NA,NA
"16OP0037","SpID.0088","WB037",NA,NA
"16OP0038","SpID.0088","WB038",NA,NA
"16OP0039","SpID.0088","WB039",NA,NA
"16OP0040","SpID.0088","WB040",NA,NA
"16OP0041","SpID.0088","WB041",NA,NA
"16OP0042","SpID.0088","WB042",NA,NA
"16OP0043","SpID.0088","WB043",NA,NA
"16OP0044","SpID.0088","WB044",NA,NA
"16OP0045","SpID.0088","WB045",NA,NA
"16OP0046","SpID.0088","WB046",NA,NA
"16OP0047","SpID.0088","WB047",NA,NA
"16OP0048","SpID.0088","WB048",NA,NA
"16OP0049","SpID.0088","WB049",NA,NA
"16OP0050","SpID.0088","WB050",NA,NA
"16OP0051","SpID.0088","WB051",NA,NA
"16OP0052","SpID.0088","WB052",NA,NA
"16OP0053","SpID.0088","WB053",NA,NA
"16OP0054","SpID.0088","WB054",NA,NA
"16OP0055","SpID.0088","WB055",NA,NA
"16OP0056","SpID.0088","WB056",NA,NA
"16OP0057","SpID.0088","WB057",NA,NA
"16OP0058","SpID.0088","WB058",NA,NA
"16OP0059","SpID.0088","WB059A",NA,NA
"16OP0060","SpID.0088","WB059B",NA,NA
"16OP0061","SpID.0088","WB061",NA,NA
"16OP0062","SpID.0088","WB062",NA,NA
"16OP0063","SpID.0088","WB063",NA,NA
"16OP0064","SpID.0088","WB064",NA,NA
"16OP0065","SpID.0088","WB065",NA,NA
"16OP0066","SpID.0088","WB066",NA,NA
"16OP0067","SpID.0088","WB067",NA,NA
"16OP0068","SpID.0088","WB068",NA,NA
"16OP0069","SpID.0088","WB069",NA,NA
"16OP0070","SpID.0088","WB070",NA,NA
"16OP0071","SpID.0088","WB071",NA,NA
"16OP0072","SpID.0088","WB072",NA,NA
"16OP0073","SpID.0088","WB073",NA,NA
"16OP0074","SpID.0088","WB074",NA,NA
"16OP0075","SpID.0088","WB075",NA,NA
"16OP0076","SpID.0088","WB076",NA,NA
"16OP0077","SpID.0088","WB077",NA,NA
"16OP0078","SpID.0088","WB078",NA,NA
"16OP0079","SpID.0088","WB079",NA,NA
"16OP0080","SpID.0088","WB080",NA,NA
"16OP0081","SpID.0088","WB081",NA,NA
"16OP0082","SpID.0088","WB082",NA,NA
"16OP0083","SpID.0088","WB083",NA,NA
"16OP0084","SpID.0088","WB084",NA,NA
"16OP0085","SpID.0088","WB085",NA,NA
"16OP0086","SpID.0088","WB086",NA,NA
"16OP0087","SpID.0088","WB087",NA,NA
"16OP0088","SpID.0088","WB088",NA,NA
"16OP0089","SpID.0089","WB089",NA,NA
"16OP0090","SpID.0089","WB090",NA,NA
"16OP0091","SpID.0089","WB091",NA,NA
"16OP0092","SpID.0089","WB092",NA,NA
"16OP0093","SpID.0089","WB093",NA,NA
"16OP0094","SpID.0089","WB094",NA,NA
"16OP0095","SpID.0089","WB095",NA,NA
"16OP0096","SpID.0089","WB096",NA,NA
"16OP0097","SpID.0089","WB097",NA,NA
"16OP0098","SpID.0089","WB098",NA,NA
"16OP0099","SpID.0089","WB099",NA,NA
"16OP0100","SpID.0089","WB100",NA,NA
"16OP0101","SpID.0089","WB101",NA,NA
"16OP0102","SpID.0089","WB102",NA,NA
"16OP0103","SpID.0089","WB103",NA,NA
"16OP0104","SpID.0089","WB104",NA,NA
"16OP0105","SpID.0089","WB105",NA,NA
"16OP0106","SpID.0089","WB106",NA,NA
"16OP0107","SpID.0089","WB107",NA,NA
"16OP0108","SpID.0089","WB108",NA,NA
"16OP0109","SpID.0089","WB109",NA,NA
"16OP0110","SpID.0089","WB110",NA,NA
"16OP0111","SpID.0089","WB111",NA,NA
"16OP0112","SpID.0089","WB112",NA,NA
"16OP0113","SpID.0089","WB113",NA,NA
"16OP0114","SpID.0089","WB114",NA,NA
"16OP0115","SpID.0089","WB115",NA,NA
"16OP0116","SpID.0089","WB116",NA,NA
"16OP0117","SpID.0089","WB117",NA,NA
"16OP0118","SpID.0089","WB118",NA,NA
"16OP0119","SpID.0089","WB119",NA,NA
"16OP0120","SpID.0089","WB120",NA,NA
"16OP0121","SpID.0089","WB121",NA,NA
"16OP0122","SpID.0089","WB122",NA,NA
"16OP0123","SpID.0089","WB123",NA,NA
"16OP0124","SpID.0089","WB124",NA,NA
"16OP0125","SpID.0089","WB125",NA,NA
"16OP0126","SpID.0089","WB126",NA,NA
"16OP0127","SpID.0089","WB127",NA,NA
"16OP0128","SpID.0089","WB128",NA,NA
"16OP0129","SpID.0089","WB129",NA,NA
"16OP0130","SpID.0089","WB130",NA,NA
"16OP0131","SpID.0089","WB131",NA,NA
"16OP0132","SpID.0089","WB132",NA,NA
"16OP0133","SpID.0089","WB133",NA,NA
"16OP0134","SpID.0089","WB134",NA,NA
"16OP0135","SpID.0089","WB135",NA,NA
"16OP0136","SpID.0089","WB136",NA,NA
"16OP0137","SpID.0089","WB137",NA,NA
"16OP0138","SpID.0089","WB138",NA,NA
"16OP0139","SpID.0089","WB139",NA,NA
"16OP0140","SpID.0089","WB140A",NA,NA
"16OP0141","SpID.0089","WB140B",NA,NA
"16OP0142","SpID.0089","WB141",NA,NA
"16OP0143","SpID.0089","WB143",NA,NA
"16OP0144","SpID.0089","WB144",NA,NA
"16OP0145","SpID.0089","WB145",NA,NA
"16OP0146","SpID.0089","WB146",NA,NA
"16OP0147","SpID.0089","WB147",NA,NA
"16OP0148","SpID.0089","WB148",NA,NA
"16OP0149","SpID.0089","WB149",NA,NA
"16OP0150","SpID.0089","WB150",NA,NA
"16OP0151","SpID.0089","WB151A",NA,NA
"16OP0152","SpID.0089","WB151B",NA,NA
"16OP0153","SpID.0089","WB152",NA,NA
"16OP0154","SpID.0089","WB153",NA,NA
"16OP0155","SpID.0089","WB154",NA,NA
"16OP0156","SpID.0089","WB155",NA,NA
"16OP0157","SpID.0089","WB156",NA,NA
"16OP0158","SpID.0089","WB157",NA,NA
"16OP0159","SpID.0089","WB158",NA,NA
"16OP0160","SpID.0089","WB159",NA,NA
"16OP0161","SpID.0089","WB160",NA,NA
"16OP0162","SpID.0089","WB161",NA,NA
"16OP0163","SpID.0089","WB162",NA,NA
"16OP0164","SpID.0089","WB163",NA,NA
"16OP0165","SpID.0089","WB164",NA,NA
"16OP0166","SpID.0089","WB165",NA,NA
"16OP0167","SpID.0089","WB166",NA,NA
"16OP0168","SpID.0089","WB167",NA,NA
"16OP0169","SpID.0089","WB168",NA,NA
"16OP0170","SpID.0089","WB169",NA,NA
"16OP0171","SpID.0089","WB170",NA,NA
"16OP0172","SpID.0089","WB171",NA,NA
"16OP0173","SpID.0089","WB172",NA,NA
"16OP0174","SpID.0089","WB173",NA,NA
"16OP0175","SpID.0089","WB174",NA,NA
"16OP0176","SpID.0089","WB175",NA,NA
"16OP0177","SpID.0090","WB176",NA,NA
"16OP0178","SpID.0090","WB177",NA,NA
"16OP0179","SpID.0090","WB178",NA,NA
"16OP0180","SpID.0090","WB179",NA,NA
"16OP0181","SpID.0090","WB180",NA,NA
"16OP0182","SpID.0090","WB181",NA,NA
"16OP0183","SpID.0090","WB182",NA,NA
"16OP0184","SpID.0090","WB183",NA,NA
"16OP0185","SpID.0090","WB184",NA,NA
"16OP0186","SpID.0090","WB185",NA,NA
"16OP0187","SpID.0090","WB186",NA,NA
"16OP0188","SpID.0090","WB187",NA,NA
"16OP0189","SpID.0090","WB188",NA,NA
"16OP0190","SpID.0090","WB189",NA,NA
"16OP0191","SpID.0090","WB190",NA,NA
"16OP0192","SpID.0090","WB191",NA,NA
"16OP0193","SpID.0090","WB192",NA,NA
"16OP0194","SpID.0090","WB193",NA,NA
"16OP0195","SpID.0090","WB194",NA,NA
"16OP0196","SpID.0090","WB195",NA,NA
"16OP0197","SpID.0090","WB196",NA,NA
"16OP0198","SpID.0090","WB197",NA,NA
"16OP0199","SpID.0090","WB198",NA,NA
"16OP0200","SpID.0090","WB199A",NA,NA
"16OP0201","SpID.0090","WB199B",NA,NA
"16OP0202","SpID.0090","WB200",NA,NA
"16OP0203","SpID.0090","WB201",NA,NA
"16OP0204","SpID.0090","WB202",NA,NA
"16OP0205","SpID.0090","WB203",NA,NA
"16OP0206","SpID.0090","WB204",NA,NA
"16OP0207","SpID.0090","WB205",NA,NA
"16OP0208","SpID.0090","WB206",NA,NA
"16OP0209","SpID.0090","WB207",NA,NA
"16OP0210","SpID.0090","WB208",NA,NA
"16OP0211","SpID.0090","WB210",NA,NA
"16OP0212","SpID.0090","WB211",NA,NA
"16OP0213","SpID.0090","WB212",NA,NA
"16OP0214","SpID.0090","WB213",NA,NA
"16OP0215","SpID.0090","WB214",NA,NA
"16OP0216","SpID.0090","WB215",NA,NA
"16OP0217","SpID.0090","WB216",NA,NA
"16OP0218","SpID.0090","WB217",NA,NA
"16OP0219","SpID.0090","WB218",NA,NA
"16OP0220","SpID.0090","WB219",NA,NA
"16OP0221","SpID.0090","WB220",NA,NA
"16OP0222","SpID.0090","WB221",NA,NA
"16OP0223","SpID.0090","WB222",NA,NA
"16OP0224","SpID.0090","WB223",NA,NA
"16OP0225","SpID.0090","WB224",NA,NA
"16OP0226","SpID.0090","WB225",NA,NA
"16OP0227","SpID.0090","WB226",NA,NA
"16OP0228","SpID.0090","WB227",NA,NA
"16OP0229","SpID.0090","WB228",NA,NA
"16OP0230","SpID.0090","WB229",NA,NA
"16OP0231","SpID.0090","WB230",NA,NA
"16OP0232","SpID.0090","WB231",NA,NA
"16OP0233","SpID.0090","WB232",NA,NA
"16OP0234","SpID.0090","WB233",NA,NA
"16OP0235","SpID.0090","WB234",NA,NA
"16OP0236","SpID.0090","WB235",NA,NA
"16OP0237","SpID.0090","WB236",NA,NA
"16OP0238","SpID.0090","WB237",NA,NA
"16OP0239","SpID.0090","WB238",NA,NA
"16OP0240","SpID.0090","WB239",NA,NA
"16OP0241","SpID.0090","WB240",NA,NA
"16OP0242","SpID.0090","WB241",NA,NA
"16OP0243","SpID.0090","WB242",NA,NA
"16OP0244","SpID.0090","WB243",NA,NA
"16OP0245","SpID.0090","WB244",NA,NA
"16OP0246","SpID.0090","WB245",NA,NA
"16OP0247","SpID.0090","WB246",NA,NA
"16OP0248","SpID.0090","WB247",NA,NA
"16OP0249","SpID.0090","WB248",NA,NA
"16OP0250","SpID.0090","WB249",NA,NA
"16OP0251","SpID.0090","WB250",NA,NA
"16OP0252","SpID.0090","WB251A",NA,NA
"16OP0253","SpID.0090","WB251B",NA,NA
"16OP0254","SpID.0090","WB252A",NA,NA
"16OP0255","SpID.0090","WB252B",NA,NA
"16OP0256","SpID.0090","WB253",NA,NA
"16OP0257","SpID.0090","WB255",NA,NA
"16OP0258","SpID.0090","WB256",NA,NA
"16OP0259","SpID.0090","WB257",NA,NA
"16OP0260","SpID.0090","WB258",NA,NA
"16OP0261","SpID.0090","WB260",NA,NA
"16OP0262","SpID.0090","WB261",NA,NA
"16OP0263","SpID.0090","WB262",NA,NA
"16OP0264","SpID.0090","WB263",NA,NA
"16OP0265","SpID.0091","WB264",NA,NA
"16OP0266","SpID.0091","WB265",NA,NA
"16OP0267","SpID.0091","WB266",NA,NA
"16OP0268","SpID.0091","WB267",NA,NA
"16OP0269","SpID.0091","WB268",NA,NA
"16OP0270","SpID.0091","WB269",NA,NA
"16OP0271","SpID.0091","WB270",NA,NA
"16OP0272","SpID.0091","WB271",NA,NA
"16OP0273","SpID.0091","WB272",NA,NA
"16OP0274","SpID.0091","WB273",NA,NA
"16OP0275","SpID.0091","WB274",NA,NA
"16OP0276","SpID.0091","WB275",NA,NA
"16OP0277","SpID.0091","WB276",NA,NA
"16OP0278","SpID.0091","WB277",NA,NA
"16OP0279","SpID.0091","WB278",NA,NA
"16OP0280","SpID.0091","WB279",NA,NA
"16OP0281","SpID.0091","WB280",NA,NA
"16OP0282","SpID.0091","WB281",NA,NA
"16OP0283","SpID.0091","WB282",NA,NA
"16OP0284","SpID.0091","WB283",NA,NA
"16OP0285","SpID.0091","WB284",NA,NA
"16OP0286","SpID.0091","WB285",NA,NA
"16OP0287","SpID.0091","WB286",NA,NA
"16OP0288","SpID.0091","WB287",NA,NA
"16OP0289","SpID.0091","WB288",NA,NA
"16OP0290","SpID.0091","WB289",NA,NA
"16OP0291","SpID.0091","WB290",NA,NA
"16OP0292","SpID.0091","WB291",NA,NA
"16OP0293","SpID.0091","WB292",NA,NA
"16OP0294","SpID.0091","WB293",NA,NA
"16OP0295","SpID.0091","WB294",NA,NA
"16OP0296","SpID.0091","WB295",NA,NA
"16OP0297","SpID.0091","WB296",NA,NA
"16OP0298","SpID.0091","WB297",NA,NA
"16OP0299","SpID.0091","WB298",NA,NA
"16OP0300","SpID.0091","WB299",NA,NA
"16OP0301","SpID.0091","WB300",NA,NA
"16OP0302","SpID.0091","WB301",NA,NA
"16OP0303","SpID.0091","WB302",NA,NA
"16OP0304","SpID.0091","WB303",NA,NA
"16OP0305","SpID.0091","WB304",NA,NA
"16OP0306","SpID.0091","WB305",NA,NA
"16OP0307","SpID.0091","WB306",NA,NA
"16OP0308","SpID.0091","WB307",NA,NA
"16OP0309","SpID.0091","WB308",NA,NA
"16OP0310","SpID.0091","WB309",NA,NA
"16OP0311","SpID.0091","WB310",NA,NA
"16OP0312","SpID.0091","WB311",NA,NA
"16OP0313","SpID.0091","WB312",NA,NA
"16OP0314","SpID.0091","WB313",NA,NA
"16OP0315","SpID.0091","WB314",NA,NA
"16OP0316","SpID.0091","WB315",NA,NA
"16OP0317","SpID.0091","WB316",NA,NA
"16OP0318","SpID.0091","WB317",NA,NA
"16OP0319","SpID.0091","WB318",NA,NA
"16OP0320","SpID.0091","WB319",NA,NA
"16OP0321","SpID.0091","WB320",NA,NA
"16OP0322","SpID.0091","WB321",NA,NA
"16OP0323","SpID.0091","WB322",NA,NA
"16OP0324","SpID.0091","WB323",NA,NA
"16OP0325","SpID.0091","WB324",NA,NA
"16OP0326","SpID.0091","WB325",NA,NA
"16OP0327","SpID.0091","WB326",NA,NA
"16OP0328","SpID.0091","WB327",NA,NA
"16OP0329","SpID.0091","WB328",NA,NA
"16OP0330","SpID.0091","WB329",NA,NA
"16OP0331","SpID.0091","WB330",NA,NA
"16OP0332","SpID.0091","WB331",NA,NA
"16OP0333","SpID.0091","WB332",NA,NA
"16OP0334","SpID.0091","WB333",NA,NA
"16OP0335","SpID.0091","WB334",NA,NA
"16OP0336","SpID.0091","WB335",NA,NA
"16OP0338","SpID.0091","WB337",NA,NA
"16OP0339","SpID.0091","WB338",NA,NA
"16OP0340","SpID.0091","WB339",NA,NA
"16OP0341","SpID.0091","WB340",NA,NA
"16OP0342","SpID.0091","WB341",NA,NA
"16OP0343","SpID.0091","WB342",NA,NA
"16OP0344","SpID.0091","WB343",NA,NA
"16OP0345","SpID.0091","WB344",NA,NA
"16OP0346","SpID.0091","WB345",NA,NA
"16OP0347","SpID.0091","WB346",NA,NA
"16OP0348","SpID.0091","WB347",NA,NA
"16OP0349","SpID.0091","WB348",NA,NA
"16OP0350","SpID.0091","WB349",NA,NA
"16OP0351","SpID.0091","WB350",NA,NA
"16OP0352","SpID.0091","WB351",NA,NA
"16OP0353","SpID.0091","WB352",NA,NA
"16OP0354","SpID.0092","WB353",NA,NA
"16OP0355","SpID.0092","WB354",NA,NA
"16OP0356","SpID.0092","WB355",NA,NA
"16OP0357","SpID.0092","WB356",NA,NA
"16OP0358","SpID.0092","WB357",NA,NA
"16OP0359","SpID.0092","WB358",NA,NA
"16OP0360","SpID.0092","WB359",NA,NA
"16OP0361","SpID.0092","WB360",NA,NA
"16OP0362","SpID.0092","WB361",NA,NA
"16OP0363","SpID.0092","WB362",NA,NA
"16OP0364","SpID.0092","WB363",NA,NA
"16OP0365","SpID.0092","WB364",NA,NA
"16OP0366","SpID.0092","WB365",NA,NA
"16OP0367","SpID.0092","WB366",NA,NA
"16OP0368","SpID.0092","WB367",NA,NA
"16OP0369","SpID.0092","WB368",NA,NA
"16OP0370","SpID.0092","WB369",NA,NA
"16OP0371","SpID.0092","WB370",NA,NA
"16OP0372","SpID.0092","WB371",NA,NA
"16OP0373","SpID.0092","WB372",NA,NA
"16OP0374","SpID.0092","WB373",NA,NA
"16OP0375","SpID.0092","WB374",NA,NA
"16OP0376","SpID.0092","WB375",NA,NA
"16OP0377","SpID.0092","WB376A",NA,NA
"16OP0378","SpID.0092","WB376B",NA,NA
"16OP0379","SpID.0092","WB378",NA,NA
"16OP0380","SpID.0092","WB379",NA,NA
"16OP0381","SpID.0092","WB380",NA,NA
"16OP0382","SpID.0092","WB381",NA,NA
"16OP0383","SpID.0092","WB382",NA,NA
"16OP0384","SpID.0092","WB383",NA,NA
"16OP0385","SpID.0092","WB384",NA,NA
"16OP0386","SpID.0092","WB385A",NA,NA
"16OP0387","SpID.0092","WB385B",NA,NA
"16OP0388","SpID.0092","WB387",NA,NA
"16OP0389","SpID.0092","WB388",NA,NA
"16OP0390","SpID.0092","WB389",NA,NA
"16OP0391","SpID.0092","WB390",NA,NA
"16OP0392","SpID.0092","WB391",NA,NA
"16OP0393","SpID.0092","WB392",NA,NA
"16OP0394","SpID.0092","WB393",NA,NA
"16OP0395","SpID.0092","WB394",NA,NA
"16OP0396","SpID.0092","WB395",NA,NA
"16OP0397","SpID.0092","WB396",NA,NA
"16OP0398","SpID.0092","WB397",NA,NA
"16OP0399","SpID.0092","WB398",NA,NA
"16OP0400","SpID.0092","WB399",NA,NA
"16OP0401","SpID.0092","WB400",NA,NA
"16OP0402","SpID.0092","WB401",NA,NA
"16OP0403","SpID.0092","WB402",NA,NA
"16OP0404","SpID.0092","WB403",NA,NA
"16OP0405","SpID.0092","WB404",NA,NA
"16OP0406","SpID.0092","WB405",NA,NA
"16OP0407","SpID.0092","WB406",NA,NA
"16OP0408","SpID.0092","WB407",NA,NA
"16OP0409","SpID.0092","WB408",NA,NA
"16OP0410","SpID.0092","WB409",NA,NA
"16OP0411","SpID.0092","WB410",NA,NA
"16OP0412","SpID.0092","WB411",NA,NA
"16OP0413","SpID.0092","WB412",NA,NA
"16OP0414","SpID.0092","WB413",NA,NA
"16OP0415","SpID.0092","WB414",NA,NA
"16OP0416","SpID.0092","WB415",NA,NA
"16OP0417","SpID.0092","WB416",NA,NA
"16OP0418","SpID.0092","WB417",NA,NA
"16OP0419","SpID.0092","WB418",NA,NA
"16OP0420","SpID.0092","WB419",NA,NA
"16OP0421","SpID.0092","WB420",NA,NA
"16OP0422","SpID.0092","WB421",NA,NA
"16OP0423","SpID.0092","WB422",NA,NA
"16OP0424","SpID.0092","WB424A",NA,NA
"16OP0425","SpID.0092","WB424B",NA,NA
"16OP0426","SpID.0092","WB426",NA,NA
"16OP0427","SpID.0092","WB427",NA,NA
"16OP0428","SpID.0092","WB428",NA,NA
"16OP0429","SpID.0092","WB429",NA,NA
"17RH0001","SpID.0148","Pv17-001","8-Aug-17","Commencement Bay"
"17RH0002","SpID.0148","Pv17-002","8-Aug-17","Commencement Bay"
"17RH0003","SpID.0148","Pv17-003","8-Aug-17","Commencement Bay"
"17RH0004","SpID.0148","Pv17-004","8-Aug-17","Commencement Bay"
"17RH0005","SpID.0148","Pv17-005","8-Aug-17","Commencement Bay"
"17RH0006","SpID.0148","Pv17-006","8-Aug-17","Commencement Bay"
"17RH0007","SpID.0148","Pv17-007","8-Aug-17","Commencement Bay"
"17RH0008","SpID.0148","Pv17-008","8-Aug-17","Commencement Bay"
"17RH0009","SpID.0148","Pv17-009","8-Aug-17","Commencement Bay"
"17RH0010","SpID.0148","Pv17-010","8-Aug-17","Commencement Bay"
"17RH0011","SpID.0148","Pv17-011","8-Aug-17","Commencement Bay"
"17RH0012","SpID.0148","Pv17-012","8-Aug-17","Commencement Bay"
"17RH0013","SpID.0148","Pv17-013","8-Aug-17","Commencement Bay"
"17RH0014","SpID.0148","Pv17-014","8-Aug-17","Commencement Bay"
"17RH0015","SpID.0148","Pv17-015","8-Aug-17","Commencement Bay"
"17RH0016","SpID.0148","Pv17-016","8-Aug-17","Commencement Bay"
"17RH0017","SpID.0148","Pv17-017","8-Aug-17","Commencement Bay"
"17RH0018","SpID.0148","Pv17-018","8-Aug-17","Commencement Bay"
"17RH0019","SpID.0148","Pv17-019","8-Aug-17","Commencement Bay"
"17RH0020","SpID.0148","Pv17-020","8-Aug-17","Commencement Bay"
"17RH0021","SpID.0148","Pv17-021","8-Aug-17","Commencement Bay"
"17RH0022","SpID.0148","Pv17-022","8-Aug-17","Commencement Bay"
"17RH0023","SpID.0148","Pv17-023","8-Aug-17","Commencement Bay"
"17RH0024","SpID.0148","Pv17-024","8-Aug-17","Commencement Bay"
"17RH0025","SpID.0148","Pv17-025","8-Aug-17","Commencement Bay"
"17RH0026","SpID.0148","Pv17-026","8-Aug-17","Commencement Bay"
"17RH0027","SpID.0148","Pv17-027","8-Aug-17","Commencement Bay"
"17RH0028","SpID.0148","Pv17-028","8-Aug-17","Commencement Bay"
"17RH0029","SpID.0148","Pv17-029","8-Aug-17","Commencement Bay"
"17RH0030","SpID.0148","Pv17-030","8-Aug-17","Commencement Bay"
"17RH0031","SpID.0148","Pv17-031","1-Nov-17","Commencement Bay"
"17RH0032","SpID.0148","Pv17-032","1-Nov-17","Commencement Bay"
"17RH0033","SpID.0148","Pv17-033","1-Nov-17","Commencement Bay"
"17RH0034","SpID.0148","Pv17-034","1-Nov-17","Commencement Bay"
"17RH0035","SpID.0148","Pv17-035","1-Nov-17","Commencement Bay"
"17RH0036","SpID.0148","Pv17-036","1-Nov-17","Commencement Bay"
"17RH0037","SpID.0148","Pv17-037","1-Nov-17","Commencement Bay"
"17RH0038","SpID.0148","Pv17-038","1-Nov-17","Commencement Bay"
"17RH0039","SpID.0148","Pv17-039","1-Nov-17","Commencement Bay"
"17RH0040","SpID.0148","Pv17-040","1-Nov-17","Commencement Bay"
"17RH0041","SpID.0148","Pv17-041","1-Nov-17","Commencement Bay"
"17RH0042","SpID.0148","Pv17-042","1-Nov-17","Commencement Bay"
"17RH0043","SpID.0148","Pv17-043","1-Nov-17","Commencement Bay"
"17RH0044","SpID.0148","Pv17-044","1-Nov-17","Commencement Bay"
"17RH0045","SpID.0148","Pv17-045","1-Nov-17","Commencement Bay"
"17RH0046","SpID.0148","Pv17-046","1-Nov-17","Commencement Bay"
"17RH0047","SpID.0148","Pv17-047","1-Nov-17","Commencement Bay"
"17RH0048","SpID.0148","Pv17-048","1-Nov-17","Commencement Bay"
"17RH0049","SpID.0148","Pv17-049","1-Nov-17","Commencement Bay"
"17RH0050","SpID.0148","Pv17-050","1-Nov-17","Commencement Bay"
"17RH0051","SpID.0148","Pv17-051","1-Nov-17","Commencement Bay"
"17RH0052","SpID.0148","Pv17-052","1-Nov-17","Commencement Bay"
"17RH0053","SpID.0148","Pv17-053","1-Nov-17","Commencement Bay"
"17RH0054","SpID.0148","Pv17-054","1-Nov-17","Commencement Bay"
"17RH0055","SpID.0148","Pv17-055","1-Nov-17","Commencement Bay"
"17RH0056","SpID.0148","Pv17-056","1-Nov-17","Commencement Bay"
"17RH0057","SpID.0148","Pv17-057","1-Nov-17","Commencement Bay"
"17RH0058","SpID.0148","Pv17-058","1-Nov-17","Commencement Bay"
"17RH0059","SpID.0148","Pv17-059","1-Nov-17","Commencement Bay"
"17RH0060","SpID.0148","Pv17-060","1-Nov-17","Commencement Bay"
"17RH0061","SpID.0148","Pv17-061","1-Nov-17","Commencement Bay"
"17RH0062","SpID.0148","Pv17-062","1-Nov-17","Commencement Bay"
"17RH0063","SpID.0148","Pv17-063","1-Nov-17","Commencement Bay"
"17RH0064","SpID.0148","Pv17-064","1-Nov-17","Commencement Bay"
"17RH0065","SpID.0148","Pv17-065","1-Nov-17","Commencement Bay"
"17RH0066","SpID.0148","Pv17-066","1-Nov-17","Commencement Bay"
"17RH0067","SpID.0148","Pv17-067","1-Nov-17","Commencement Bay"
"17RH0068","SpID.0148","Pv17-068","1-Nov-17","Commencement Bay"
"17RH0069","SpID.0148","Pv17-069","1-Nov-17","Commencement Bay"
"17RH0070","SpID.0148","Pv17-070","1-Nov-17","Commencement Bay"
"17RH0071","SpID.0148","Pv17-071","1-Nov-17","Commencement Bay"
"17RH0072","SpID.0148","Pv17-072","1-Nov-17","Commencement Bay"
"17RH0073","SpID.0148","Pv17-073","28-Sep-17","Commencement Bay"
"17RH0074","SpID.0148","Pv17-074","28-Sep-17","Commencement Bay"
"17RH0075","SpID.0148","Pv17-075","28-Sep-17","Commencement Bay"
"17RH0076","SpID.0148","Pv17-076","28-Sep-17","Commencement Bay"
"17RH0077","SpID.0148","Pv17-077","28-Sep-17","Commencement Bay"
"17RH0078","SpID.0148","Pv17-078","28-Sep-17","Commencement Bay"
"17RH0079","SpID.0148","Pv17-079","28-Sep-17","Commencement Bay"
"17RH0080","SpID.0148","Pv17-080","28-Sep-17","Commencement Bay"
"17RH0081","SpID.0148","Pv17-081","28-Sep-17","Commencement Bay"
"17RH0082","SpID.0148","Pv17-082","28-Sep-17","Commencement Bay"
"17RH0083","SpID.0148","Pv17-083","28-Sep-17","Commencement Bay"
"17RH0084","SpID.0148","Pv17-084","28-Sep-17","Commencement Bay"
"17RH0085","SpID.0148","Pv17-085","28-Sep-17","Commencement Bay"
"17RH0086","SpID.0148","Pv17-086","28-Sep-17","Commencement Bay"
"17RH0087","SpID.0148","Pv17-087","28-Sep-17","Commencement Bay"
"17RH0088","SpID.0148","Pv17-088","28-Sep-17","Commencement Bay"
"17RH0089","SpID.0148","Pv17-089","28-Sep-17","Commencement Bay"
"17RH0090","SpID.0148","Pv17-090","28-Sep-17","Commencement Bay"
"17RH0091","SpID.0148","Pv17-091","28-Sep-17","Commencement Bay"
"17RH0092","SpID.0148","Pv17-092","28-Sep-17","Commencement Bay"
"17RH0093","SpID.0149","Pv17-093","28-Sep-17","Commencement Bay"
"17RH0094","SpID.0149","Pv17-094","28-Sep-17","Commencement Bay"
"17RH0095","SpID.0149","Pv17-095","28-Sep-17","Commencement Bay"
"17RH0096","SpID.0149","Pv17-096","28-Sep-17","Commencement Bay"
"17RH0097","SpID.0149","Pv17-097","28-Sep-17","Commencement Bay"
"17RH0098","SpID.0149","Pv17-098","28-Sep-17","Commencement Bay"
"17RH0099","SpID.0149","Pv17-099","28-Sep-17","Commencement Bay"
"17RH0100","SpID.0149","Pv17-100","28-Sep-17","Commencement Bay"
"17RH0101","SpID.0149","Pv17-101","28-Sep-17","Commencement Bay"
"17RH0102","SpID.0149","Pv17-102","28-Sep-17","Commencement Bay"
"17RH0103","SpID.0149","Pv17-103","28-Sep-17","Commencement Bay"
"17RH0104","SpID.0149","Pv17-104","28-Sep-17","Commencement Bay"
"17RH0105","SpID.0149","Pv17-105","28-Sep-17","Commencement Bay"
"17RH0106","SpID.0149","Pv17-106","28-Sep-17","Commencement Bay"
"17RH0107","SpID.0149","Pv17-107","28-Sep-17","Commencement Bay"
"17RH0108","SpID.0149","Pv17-108","28-Sep-17","Commencement Bay"
"17RH0109","SpID.0149","Pv17-109","28-Sep-17","Commencement Bay"
"17RH0110","SpID.0149","Pv17-110","28-Sep-17","Commencement Bay"
"17RH0111","SpID.0149","Pv17-111","28-Sep-17","Commencement Bay"
"17RH0112","SpID.0149","Pv17-112","28-Sep-17","Commencement Bay"
"17RH0113","SpID.0149","Pv17-113","28-Sep-17","Commencement Bay"
"17RH0114","SpID.0149","Pv17-114","28-Sep-17","Commencement Bay"
"17RH0115","SpID.0149","Pv17-115","28-Sep-17","Commencement Bay"
"17RH0116","SpID.0149","Pv17-116","28-Sep-17","Commencement Bay"
"17RH0117","SpID.0149","Pv17-117","28-Sep-17","Commencement Bay"
"17RH0118","SpID.0149","Pv17-118","28-Sep-17","Commencement Bay"
"17RH0119","SpID.0149","Pv17-119","28-Sep-17","Commencement Bay"
"17RH0120","SpID.0149","Pv17-120","28-Sep-17","Commencement Bay"
"17RH0121","SpID.0149","Pv17-121","28-Sep-17","Commencement Bay"
"17RH0122","SpID.0149","Pv17-122","28-Sep-17","Commencement Bay"
"17RH0123","SpID.0149","Pv17-123","28-Sep-17","Commencement Bay"
"17RH0124","SpID.0149","Pv17-124","28-Sep-17","Commencement Bay"
"17RH0125","SpID.0149","Pv17-125","28-Sep-17","Commencement Bay"
"17RH0126","SpID.0149","Pv17-126","28-Sep-17","Commencement Bay"
"17RH0127","SpID.0149","Pv17-127","28-Sep-17","Commencement Bay"
"17RH0128","SpID.0149","Pv17-128","28-Sep-17","Commencement Bay"
"17RH0129","SpID.0149","Pv17-129","28-Sep-17","Commencement Bay"
"17RH0130","SpID.0149","Pv17-130","28-Sep-17","Commencement Bay"
"17RH0131","SpID.0149","Pv17-131","28-Sep-17","Commencement Bay"
"17RH0132","SpID.0149","Pv17-132","28-Sep-17","Commencement Bay"
"17RH0133","SpID.0149","Pv17-133","28-Sep-17","Commencement Bay"
"17RH0134","SpID.0149","Pv17-134","28-Sep-17","Commencement Bay"
"17RH0135","SpID.0149","Pv17-135","28-Sep-17","Commencement Bay"
"17RH0136","SpID.0149","Pv17-136","28-Sep-17","Commencement Bay"
"17RH0137","SpID.0149","Pv17-137","28-Sep-17","Commencement Bay"
"17RH0138","SpID.0149","Pv17-138","28-Sep-17","Commencement Bay"
"17RH0139","SpID.0149","Pv17-139","28-Sep-17","Commencement Bay"
"17RH0140","SpID.0149","Pv17-140","28-Sep-17","Commencement Bay"
"17RH0141","SpID.0149","Pv17-141","28-Sep-17","Commencement Bay"
"17RH0142","SpID.0149","Pv17-142","7-Sep-17","Commencement Bay"
"17RH0143","SpID.0149","Pv17-143","7-Sep-17","Commencement Bay"
"17RH0144","SpID.0149","Pv17-144","7-Sep-17","Commencement Bay"
"17RH0145","SpID.0149","Pv17-145","7-Sep-17","Commencement Bay"
"17RH0146","SpID.0149","Pv17-146","7-Sep-17","Commencement Bay"
"17RH0147","SpID.0149","Pv17-147","7-Sep-17","Commencement Bay"
"17RH0148","SpID.0149","Pv17-148","7-Sep-17","Commencement Bay"
"17RH0149","SpID.0149","Pv17-149","7-Sep-17","Commencement Bay"
"17RH0150","SpID.0149","Pv17-150","7-Sep-17","Commencement Bay"
"17RH0151","SpID.0149","Pv17-151","7-Sep-17","Commencement Bay"
"17RH0152","SpID.0149","Pv17-152","7-Sep-17","Commencement Bay"
"17RH0153","SpID.0149","Pv17-153","7-Sep-17","Commencement Bay"
"17RH0154","SpID.0149","Pv17-154","7-Sep-17","Commencement Bay"
"17RH0155","SpID.0149","Pv17-155","7-Sep-17","Commencement Bay"
"17RH0156","SpID.0149","Pv17-156","7-Sep-17","Commencement Bay"
"17RH0157","SpID.0149","Pv17-157","7-Sep-17","Commencement Bay"
"17RH0158","SpID.0149","Pv17-158","7-Sep-17","Commencement Bay"
"17RH0159","SpID.0149","Pv17-159","7-Sep-17","Commencement Bay"
"17RH0160","SpID.0149","Pv17-160","7-Sep-17","Commencement Bay"
"17RH0161","SpID.0149","Pv17-161","7-Sep-17","Commencement Bay"
"17RH0162","SpID.0149","Pv17-162","7-Sep-17","Commencement Bay"
"17RH0163","SpID.0149","Pv17-163","7-Sep-17","Commencement Bay"
"17RH0164","SpID.0149","Pv17-164","7-Sep-17","Commencement Bay"
"17RH0165","SpID.0149","Pv17-165","7-Sep-17","Commencement Bay"
"17RH0166","SpID.0149","Pv17-166","7-Sep-17","Commencement Bay"
"17RH0167","SpID.0149","Pv17-167","7-Sep-17","Commencement Bay"
"17RH0168","SpID.0149","Pv17-168","7-Sep-17","Commencement Bay"
"17RH0169","SpID.0149","Pv17-169","7-Sep-17","Commencement Bay"
"17RH0170","SpID.0149","Pv17-170","7-Sep-17","Commencement Bay"
"17RH0171","SpID.0149","Pv17-171","7-Sep-17","Commencement Bay"
"17RH0172","SpID.0149","Pv17-172","7-Sep-17","Commencement Bay"
"17RH0173","SpID.0149","Pv17-173","7-Sep-17","Commencement Bay"
"17RH0174","SpID.0149","Pv17-174","7-Sep-17","Commencement Bay"
"17RH0175","SpID.0149","Pv17-175","7-Sep-17","Commencement Bay"
"17RH0176","SpID.0149","Pv17-176","7-Sep-17","Commencement Bay"
"17RH0177","SpID.0149","Pv17-177","7-Sep-17","Commencement Bay"
"17RH0178","SpID.0149","Pv17-178","7-Sep-17","Commencement Bay"
"17RH0179","SpID.0149","Pv17-179","7-Sep-17","Commencement Bay"
"17RH0180","SpID.0149","Pv17-180","7-Sep-17","Commencement Bay"
"17RH0181","SpID.0149","Pv17-181","7-Sep-17","Commencement Bay"
"17RH0182","SpID.0149","Pv17-182","7-Sep-17","Commencement Bay"
"17RH0183","SpID.0149","Pv17-183","7-Sep-17","Commencement Bay"
"17RH0184","SpID.0150","Pv17-184","7-Sep-17","Commencement Bay"
"17RH0185","SpID.0150","Pv17-185","7-Sep-17","Commencement Bay"
"17RH0186","SpID.0150","Pv17-186","7-Sep-17","Commencement Bay"
"17RH0187","SpID.0150","Pv17-187","7-Sep-17","Commencement Bay"
"17RH0188","SpID.0150","Pv17-188","7-Sep-17","Commencement Bay"
"17RH0189","SpID.0150","Pv17-189","7-Sep-17","Commencement Bay"
"17RH0190","SpID.0150","Pv17-190","7-Sep-17","Commencement Bay"
"17RH0191","SpID.0150","Pv17-191","7-Sep-17","Commencement Bay"
"17RH0192","SpID.0150","Pv17-192","7-Sep-17","Commencement Bay"
"17RH0193","SpID.0150","Pv17-193","7-Sep-17","Commencement Bay"
"17RH0194","SpID.0150","Pv17-194","7-Sep-17","Commencement Bay"
"17RH0195","SpID.0150","Pv17-195","7-Sep-17","Commencement Bay"
"17RH0196","SpID.0150","Pv17-196","7-Sep-17","Commencement Bay"
"17RH0197","SpID.0150","Pv17-197","7-Sep-17","Commencement Bay"
"17RH0198","SpID.0150","Pv17-198","7-Sep-17","Commencement Bay"
"17RH0199","SpID.0150","Pv17-199","7-Sep-17","Commencement Bay"
"17RH0200","SpID.0150","Pv17-200","7-Sep-17","Commencement Bay"
"17RH0201","SpID.0150","Pv17-201","7-Sep-17","Commencement Bay"
"17RH0202","SpID.0150","Pv17-202","7-Sep-17","Commencement Bay"
"17RH0203","SpID.0150","Pv17-203","7-Sep-17","Commencement Bay"
"17RH0204","SpID.0150","Pv17-204","11-Aug-17","Commencement Bay"
"17RH0205","SpID.0150","Pv17-205","11-Aug-17","Commencement Bay"
"17RH0206","SpID.0150","Pv17-206","11-Aug-17","Commencement Bay"
"17RH0207","SpID.0150","Pv17-207","11-Aug-17","Commencement Bay"
"17RH0208","SpID.0150","Pv17-208","11-Aug-17","Commencement Bay"
"17RH0209","SpID.0150","Pv17-209","11-Aug-17","Commencement Bay"
"17RH0210","SpID.0150","Pv17-210","11-Aug-17","Commencement Bay"
"17RH0211","SpID.0150","Pv17-211","11-Aug-17","Commencement Bay"
"17RH0212","SpID.0150","Pv17-212","11-Aug-17","Commencement Bay"
"17RH0213","SpID.0150","Pv17-213","11-Aug-17","Commencement Bay"
"17RH0214","SpID.0150","Pv17-214","11-Aug-17","Commencement Bay"
"17RH0215","SpID.0150","Pv17-215","11-Aug-17","Commencement Bay"
"17RH0216","SpID.0158","Pv17-216","11-Aug-17","Commencement Bay"
"17RH0217","SpID.0158","Pv17-217","11-Aug-17","Commencement Bay"
"17RH0218","SpID.0158","Pv17-218","11-Aug-17","Commencement Bay"
"17RH0219","SpID.0158","Pv17-219","11-Aug-17","Commencement Bay"
"17RH0220","SpID.0158","Pv17-220","11-Aug-17","Commencement Bay"
"17RH0221","SpID.0158","Pv17-221","14-Aug-17","Eagle Island"
"17RH0222","SpID.0158","Pv17-222","14-Aug-17","Gertrude Island"
"17RH0223","SpID.0158","Pv17-223","14-Aug-17","Gertrude Island"
"17RH0224","SpID.0158","Pv17-224","14-Aug-17","Gertrude Island"
"17RH0225","SpID.0158","Pv17-225","14-Aug-17","Nisqually"
"17RH0226","SpID.0158","Pv17-226","14-Aug-17","Nisqually"
"17RH0227","SpID.0158","Pv17-227","14-Aug-17","Nisqually"
"17RH0228","SpID.0158","Pv17-228","14-Aug-17","Nisqually"
"17RH0229","SpID.0158","Pv17-229","7-Sep-17","Cutts Island"
"17RH0230","SpID.0158","Pv17-230","7-Sep-17","Cutts Island"
"17RH0231","SpID.0158","Pv17-231","7-Sep-17","Cutts Island"
"17RH0232","SpID.0158","Pv17-232","7-Sep-17","Cutts Island"
"17RH0233","SpID.0158","Pv17-233","7-Sep-17","Cutts Island"
"17RH0234","SpID.0158","Pv17-558","11-Aug-17","Woodard Bay"
"17RH0235","SpID.0158","Pv17-559","11-Aug-17","Woodard Bay"
"17RH0236","SpID.0158","Pv17-560","11-Aug-17","Woodard Bay"
"17RH0237","SpID.0158","Pv17-561","11-Aug-17","Woodard Bay"
"17RH0238","SpID.0158","Pv17-562","11-Aug-17","Woodard Bay"
"17RH0239","SpID.0158","Pv17-563","11-Aug-17","Woodard Bay"
"17RH0240","SpID.0158","Pv17-564","11-Aug-17","Woodard Bay"
"17RH0241","SpID.0158","Pv17-565","11-Aug-17","Woodard Bay"
"17RH0242","SpID.0158","Pv17-566","11-Aug-17","Woodard Bay"
"17RH0243","SpID.0158","Pv17-567","11-Aug-17","Woodard Bay"
"17RH0244","SpID.0158","Pv17-568","11-Aug-17","Woodard Bay"
"17RH0245","SpID.0158","Pv17-569","11-Aug-17","Woodard Bay"
"17RH0246","SpID.0158","Pv17-570","11-Aug-17","Woodard Bay"
"17RH0247","SpID.0158","Pv17-571","11-Aug-17","Woodard Bay"
"17RH0248","SpID.0158","Pv17-572","11-Aug-17","Woodard Bay"
"17RH0249","SpID.0158","Pv17-573","11-Aug-17","Woodard Bay"
"17RH0250","SpID.0158","Pv17-574","11-Aug-17","Woodard Bay"
"17RH0251","SpID.0158","Pv17-575","11-Aug-17","Woodard Bay"
"17RH0252","SpID.0158","Pv17-576","28-Sep-17","Gertrude Island"
"17RH0253","SpID.0158","Pv17-577","28-Sep-17","Gertrude Island"
"17RH0254","SpID.0158","Pv17-578","28-Sep-17","Gertrude Island"
"17RH0255","SpID.0158","Pv17-579","7-Sep-17","Gertrude Island"
"17RH0256","SpID.0158","Pv17-580","7-Sep-17","Gertrude Island"
"17RH0257","SpID.0158","Pv17-581","7-Sep-17","Gertrude Island"
"17RH0258","SpID.0158","Pv17-582","14-Aug-17","Commencement Bay"
"17RH0259","SpID.0158","Pv17-583","14-Aug-17","Commencement Bay"
"17RH0260","SpID.0158","Pv17-584","14-Aug-17","Commencement Bay"
"17RH0261","SpID.0158","Pv17-585","14-Aug-17","Commencement Bay"
"17RH0262","SpID.0158","Pv17-586","14-Aug-17","Commencement Bay"
"17RH0263","SpID.0158","Pv17-587","14-Aug-17","Commencement Bay"
"17RH0264","SpID.0158","Pv17-588","14-Aug-17","Commencement Bay"
"17RH0265","SpID.0158","Pv17-589","14-Aug-17","Commencement Bay"
"17RH0266","SpID.0158","Pv17-590","8-Aug-17","Eagle Island"
"17RH0267","SpID.0158","Pv17-591","8-Aug-17","Eagle Island"
"17RH0268","SpID.0158","Pv17-592","8-Aug-17","Eagle Island"
"17RH0269","SpID.0158","Pv17-593","8-Aug-17","Eagle Island"
"17RH0270","SpID.0158","Pv17-594","8-Aug-17","Eagle Island"
"17RH0271","SpID.0158","Pv17-595","8-Aug-17","Eagle Island"
"17RH0272","SpID.0158","Pv17-596","6-Nov-17","Gertrude Island"
"17RH0273","SpID.0158","Pv17-597","6-Nov-17","Gertrude Island"
"17RH0274","SpID.0158","Pv17-598","6-Nov-17","Gertrude Island"
"17RH0275","SpID.0158","Pv17-599","6-Nov-17","Gertrude Island"
"17RH0276","SpID.0158","Pv17-600","6-Nov-17","Gertrude Island"
"17RH0277","SpID.0158","Pv17-601","6-Nov-17","Cutts Island"
"17RH0278","SpID.0158","Pv17-602","6-Nov-17","Cutts Island"
"17RH0279","SpID.0158","Pv17-603","6-Nov-17","Cutts Island"
"17RH0280","SpID.0158","Pv17-604","6-Nov-17","Cutts Island"
"17RH0281","SpID.0158","Pv17-605","6-Nov-17","Cutts Island"
"17RH0282","SpID.0158","Pv17-606","6-Nov-17","Gertrude Island"
"17RH0283","SpID.0158","Pv17-607","6-Nov-17","Gertrude Island"
"17RH0284","SpID.0158","Pv17-608","6-Nov-17","Gertrude Island"
"17RH0285","SpID.0158","Pv17-609","6-Nov-17","Gertrude Island"
"17RH0286","SpID.0158","Pv17-610","6-Nov-17","Gertrude Island"
"17RH0287","SpID.0158","Pv17-611","6-Nov-17","Gertrude Island"
"17RH0288","SpID.0158","Pv17-612","6-Nov-17","Gertrude Island"
"17RH0289","SpID.0158","Pv17-613","6-Nov-17","Gertrude Island"
"17RH0290","SpID.0158","Pv17-614","6-Oct-17","Cutts Island"
"17RH0291","SpID.0158","Pv17-615","6-Oct-17","Cutts Island"
"17RH0292","SpID.0158","Pv17-616","6-Oct-17","Cutts Island"
"17RH0293","SpID.0158","Pv17-617","6-Oct-17","Cutts Island"
"17RH0294","SpID.0158","Pv17-618","6-Oct-17","Cutts Island"
"17RH0295","SpID.0158","Pv17-619","6-Oct-17","Cutts Island"
"17RH0296","SpID.0158","Pv17-620","6-Oct-17","Cutts Island"
"17RH0297","SpID.0158","Pv17-621","6-Oct-17","Cutts Island"
"17RH0298","SpID.0159","Pv17-622","6-Oct-17","Cutts Island"
"17RH0299","SpID.0159","Pv17-623","6-Oct-17","Cutts Island"
"17RH0300","SpID.0159","Pv17-624","6-Nov-17","Eagle Island"
"17RH0301","SpID.0159","Pv17-625","6-Nov-17","Eagle Island"
"17RH0302","SpID.0159","Pv17-626","6-Nov-17","Eagle Island"
"17RH0303","SpID.0159","Pv17-627","6-Nov-17","Eagle Island"
"17RH0304","SpID.0159","Pv17-628","6-Nov-17","Eagle Island"
"17RH0305","SpID.0159","Pv17-629","6-Nov-17","Eagle Island"
"17RH0306","SpID.0159","Pv17-630","6-Nov-17","Eagle Island"
"17RH0307","SpID.0159","Pv17-631","6-Nov-17","Eagle Island"
"17RH0308","SpID.0159","Pv17-632","6-Nov-17","Eagle Island"
"17RH0309","SpID.0159","Pv17-633","6-Nov-17","Eagle Island"
"17RH0310","SpID.0159","Pv17-634","6-Nov-17","Eagle Island"
"17RH0311","SpID.0159","Pv17-635","6-Nov-17","Eagle Island"
"17RH0312","SpID.0159","Pv17-636","6-Nov-17","Eagle Island"
"17RH0313","SpID.0159","Pv17-637","6-Nov-17","Eagle Island"
"17RH0314","SpID.0159","Pv17-638","6-Nov-17","Eagle Island"
"17RH0315","SpID.0159","Pv17-639","6-Nov-17","Eagle Island"
"17RH0316","SpID.0159","Pv17-640","14-Dec-17","Gertrude Island"
"17RH0317","SpID.0159","Pv17-641","14-Dec-17","Gertrude Island"
"17RH0318","SpID.0159","Pv17-642","14-Dec-17","Gertrude Island"
"17RH0319","SpID.0159","Pv17-643","14-Dec-17","Gertrude Island"
"17RH0320","SpID.0159","Pv17-644","14-Dec-17","Gertrude Island"
"17RH0321","SpID.0159","Pv17-645","14-Dec-17","Gertrude Island"
"17RH0322","SpID.0159","Pv17-646","14-Dec-17","Cutts Island"
"17RH0323","SpID.0159","Pv17-647","14-Dec-17","Cutts Island"
"17RH0324","SpID.0159","Pv17-648","14-Dec-17","Cutts Island"
"17RH0325","SpID.0159","Pv17-649","14-Dec-17","Cutts Island"
"17RH0326","SpID.0159","Pv17-650","14-Dec-17","Cutts Island"
"17RH0327","SpID.0159","Pv17-651","14-Dec-17","Cutts Island"
"17RH0328","SpID.0159","Pv17-652","14-Dec-17","Cutts Island"
"17RH0329","SpID.0159","Pv17-653","14-Dec-17","Cutts Island"
"17RH0330","SpID.0159","Pv17-654","14-Dec-17","Cutts Island"
"17RH0331","SpID.0159","Pv17-655","14-Dec-17","Cutts Island"
"17RH0332","SpID.0159","Pv17-656","14-Dec-17","Cutts Island"
"17RH0333","SpID.0159","Pv17-657","14-Dec-17","Cutts Island"
"17RH0334","SpID.0159","Pv17-658","1-Dec-17","Eagle Island"
"17RH0335","SpID.0159","Pv17-659","1-Dec-17","Eagle Island"
"17RH0336","SpID.0159","Pv17-660","1-Dec-17","Eagle Island"
"17RH0337","SpID.0159","Pv17-661","1-Dec-17","Eagle Island"
"17RH0338","SpID.0159","Pv17-662","1-Dec-17","Eagle Island"
"17RH0339","SpID.0159","Pv17-663","1-Dec-17","Eagle Island"
"17RH0340","SpID.0159","Pv17-664","1-Dec-17","Eagle Island"
"17RH0341","SpID.0159","Pv17-665","1-Dec-17","Eagle Island"
"17RH0342","SpID.0159","Pv17-666","1-Dec-17","Eagle Island"
"17RH0343","SpID.0159","Pv17-667","1-Dec-17","Eagle Island"
"17RH0344","SpID.0159","Pv17-668","1-Dec-17","Eagle Island"
"17RH0345","SpID.0159","Pv17-669","1-Dec-17","Eagle Island"
"17RH0346","SpID.0159","Pv17-670","1-Dec-17","Eagle Island"
"17RH0347","SpID.0159","Pv17-671","1-Dec-17","Eagle Island"
"17RH0348","SpID.0159","Pv17-672","1-Dec-17","Eagle Island"
"17RH0349","SpID.0159","Pv17-673","1-Dec-17","Eagle Island"
"17RH0350","SpID.0159","Pv17-674","1-Dec-17","Eagle Island"
"17RH0351","SpID.0159","Pv17-675","1-Dec-17","Eagle Island"
"17RH0352","SpID.0159","Pv17-676","1-Dec-17","Eagle Island"
"17RH0353","SpID.0159","Pv17-677","1-Dec-17","Eagle Island"
"17RH0354","SpID.0159","Pv17-678","1-Dec-17","Eagle Island"
"17RH0355","SpID.0159","Pv17-679","1-Dec-17","Eagle Island"
"17RH0356","SpID.0159","Pv17-680","1-Dec-17","Eagle Island"
"17RH0357","SpID.0159","Pv17-681","1-Dec-17","Eagle Island"
"17RH0358","SpID.0159","Pv17-682","1-Dec-17","Eagle Island"
"17RH0359","SpID.0159","Pv17-683","1-Dec-17","Eagle Island"
"17RH0360","SpID.0159","Pv17-684","1-Dec-17","Eagle Island"
"17RH0361","SpID.0159","Pv17-685","1-Dec-17","Eagle Island"
"17RH0362","SpID.0159","Pv17-686","1-Dec-17","Eagle Island"
"17RH0363","SpID.0159","Pv17-687","1-Dec-17","Eagle Island"
"17RH0364","SpID.0159","Pv17-688","1-Dec-17","Eagle Island"
"17RH0365","SpID.0159","Pv17-689","1-Dec-17","Eagle Island"
"17RH0366","SpID.0159","Pv17-690","1-Dec-17","Eagle Island"
"17RH0367","SpID.0159","Pv17-691","1-Dec-17","Eagle Island"
"17RH0368","SpID.0159","Pv17-692","1-Dec-17","Eagle Island"
"17RH0369","SpID.0159","Pv17-693","14-Dec-17","Eagle Island"
"17RH0370","SpID.0159","Pv17-694","14-Dec-17","Eagle Island"
"17RH0371","SpID.0159","Pv17-695","14-Dec-17","Eagle Island"
"17RH0372","SpID.0159","Pv17-696","14-Dec-17","Eagle Island"
"17RH0373","SpID.0159","Pv17-697","14-Dec-17","Eagle Island"
"17RH0374","SpID.0159","Pv17-698","14-Dec-17","Eagle Island"
"17RH0375","SpID.0159","Pv17-699","14-Dec-17","Eagle Island"
"17RH0376","SpID.0159","Pv17-700","14-Dec-17","Eagle Island"
"17RH0377","SpID.0159","Pv17-701","14-Dec-17","Eagle Island"
"17RH0378","SpID.0159","Pv17-702","14-Dec-17","Eagle Island"
"17RH0379","SpID.0159","Pv17-703","14-Dec-17","Eagle Island"
"17RH0380","SpID.0159","Pv17-704","14-Dec-17","Eagle Island"
"17RH0381","SpID.0159","Pv17-705","14-Dec-17","Eagle Island"
"17RH0382","SpID.0159","Pv17-706","14-Dec-17","Eagle Island"
"17RH0383","SpID.0159","Pv17-707","14-Dec-17","Eagle Island"
"17RH0384","SpID.0159","Pv17-708","14-Dec-17","Eagle Island"
"17RH0385","SpID.0159","Pv17-709","14-Dec-17","Eagle Island"
"17RH0386","SpID.0159","Pv17-710","14-Dec-17","Eagle Island"
"17RH0387","SpID.0159","Pv17-711","14-Dec-17","Eagle Island"
"17RH0388","SpID.0159","Pv17-712","14-Dec-17","Eagle Island"
"17RH0389","SpID.0160","Pv17-713","14-Dec-17","Eagle Island"
"17RH0390","SpID.0160","Pv17-714","14-Dec-17","Eagle Island"
"17RH0391","SpID.0160","Pv17-715","14-Dec-17","Eagle Island"
"17RH0392","SpID.0160","Pv17-716","14-Dec-17","Eagle Island"
"17RH0393","SpID.0160","Pv17-717","14-Dec-17","Eagle Island"
"17RH0394","SpID.0160","Pv17-718","14-Dec-17","Eagle Island"
"17RH0395","SpID.0160","Pv17-719","14-Dec-17","Eagle Island"
"17RH0396","SpID.0160","Pv17-720","14-Dec-17","Eagle Island"
"17RH0397","SpID.0160","Pv17-721","14-Dec-17","Eagle Island"
"17RH0398","SpID.0160","Pv17-722","14-Dec-17","Eagle Island"
"17RH0399","SpID.0160","Pv17-723","14-Dec-17","Eagle Island"
"17RH0400","SpID.0160","Pv17-724","14-Dec-17","Eagle Island"
"18OO0001","SpID.0109","Pv18-0013","26-Apr-2018","Commencement Bay"
"18OO0002","SpID.0109","Pv18-0014","26-Apr-2018","Commencement Bay"
"18OO0003","SpID.0109","Pv18-0015","26-Apr-2018","Commencement Bay"
"18OO0004","SpID.0109","Pv18-0016","26-Apr-2018","Commencement Bay"
"18OO0005","SpID.0109","Pv18-0017","26-Apr-2018","Commencement Bay"
"18OO0006","SpID.0109","Pv18-0018","26-Apr-2018","Commencement Bay"
"18OO0007","SpID.0109","Pv18-0019","26-Apr-2018","Commencement Bay"
"18OO0008","SpID.0109","Pv18-0020","26-Apr-2018","Commencement Bay"
"18OO0009","SpID.0109","Pv18-0021","26-Apr-2018","Commencement Bay"
"18OO0010","SpID.0109","Pv18-0022","26-Apr-2018","Commencement Bay"
"18OO0011","SpID.0109","Pv18-0023","26-Apr-2018","Commencement Bay"
"18OO0012","SpID.0109","Pv18-0024","26-Apr-2018","Commencement Bay"
"18OO0013","SpID.0109","Pv18-0025","26-Apr-2018","Commencement Bay"
"18OO0014","SpID.0109","Pv18-0026","26-Apr-2018","Commencement Bay"
"18OO0015","SpID.0109","Pv18-0027","26-Apr-2018","Commencement Bay"
"18OO0016","SpID.0109","Pv18-0028","26-Apr-2018","Commencement Bay"
"18OO0017","SpID.0109","Pv18-0029","26-Apr-2018","Commencement Bay"
"18OO0018","SpID.0109","Pv18-0030","26-Apr-2018","Commencement Bay"
"18OO0019","SpID.0109","Pv18-0031","26-Apr-2018","Commencement Bay"
"18OO0020","SpID.0109","Pv18-0032","26-Apr-2018","Commencement Bay"
"18OO0021","SpID.0109","Pv18-0033","26-Apr-2018","Commencement Bay"
"18OO0022","SpID.0109","Pv18-0034","26-Apr-2018","Commencement Bay"
"18OO0023","SpID.0109","Pv18-0035","26-Apr-2018","Commencement Bay"
"18OO0024","SpID.0109","Pv18-0036","26-Apr-2018","Commencement Bay"
"18OO0025","SpID.0109","Pv18-0037","26-Apr-2018","Commencement Bay"
"18OO0026","SpID.0109","Pv18-0038","26-Apr-2018","Commencement Bay"
"18OO0027","SpID.0109","Pv18-0039","27-Apr-2018","Woodard Bay"
"18OO0028","SpID.0109","Pv18-0040","27-Apr-2018","Eagle Island"
"18OO0029","SpID.0109","Pv18-0041","27-Apr-2018","Gertrude Island"
"18OO0030","SpID.0109","Pv18-0042","27-Apr-2018","Cutts Island"
"18OO0031","SpID.0109","Pv18-0043","27-Apr-2018","Cutts Island"
"18OO0032","SpID.0109","Pv18-0044","27-Apr-2018","Cutts Island"
"18OO0033","SpID.0109","Pv18-0045","27-Apr-2018","Cutts Island"
"18OO0034","SpID.0109","Pv18-0046","27-Apr-2018","Cutts Island"
"18OO0035","SpID.0109","Pv18-0047","27-Apr-2018","Cutts Island"
"18OO0036","SpID.0109","Pv18-0048","27-Apr-2018","Cutts Island"
"18OO0037","SpID.0109","Pv18-0049","27-Apr-2018","Cutts Island"
"18OO0038","SpID.0109","Pv18-0050","27-Apr-2018","Cutts Island"
"18OO0039","SpID.0109","Pv18-0051","27-Apr-2018","Cutts Island"
"18OO0040","SpID.0109","Pv18-0052","27-Apr-2018","Cutts Island"
"18OO0041","SpID.0109","Pv18-0053","27-Apr-2018","Cutts Island"
"18OO0042","SpID.0109","Pv18-0054","27-Apr-2018","Cutts Island"
"18OO0043","SpID.0109","Pv18-0055","27-Apr-2018","Cutts Island"
"18OO0044","SpID.0110","Pv18-0056","7-May-2018","Commencement Bay"
"18OO0045","SpID.0110","Pv18-0057","7-May-2018","Commencement Bay"
"18OO0046","SpID.0110","Pv18-0058","7-May-2018","Commencement Bay"
"18OO0047","SpID.0110","Pv18-0059","7-May-2018","Commencement Bay"
"18OO0048","SpID.0110","Pv18-0060","7-May-2018","Commencement Bay"
"18OO0049","SpID.0110","Pv18-0061","7-May-2018","Commencement Bay"
"18OO0050","SpID.0110","Pv18-0062","7-May-2018","Commencement Bay"
"18OO0051","SpID.0110","Pv18-0063","7-May-2018","Commencement Bay"
"18OO0052","SpID.0110","Pv18-0064","7-May-2018","Commencement Bay"
"18OO0053","SpID.0110","Pv18-0065","7-May-2018","Commencement Bay"
"18OO0054","SpID.0110","Pv18-0066","7-May-2018","Commencement Bay"
"18OO0055","SpID.0110","Pv18-0067","7-May-2018","Commencement Bay"
"18OO0056","SpID.0110","Pv18-0068","7-May-2018","Commencement Bay"
"18OO0057","SpID.0110","Pv18-0069","7-May-2018","Commencement Bay"
"18OO0058","SpID.0110","Pv18-0070","7-May-2018","Commencement Bay"
"18OO0059","SpID.0110","Pv18-0071","7-May-2018","Commencement Bay"
"18OO0060","SpID.0110","Pv18-0072","7-May-2018","Commencement Bay"
"18OO0061","SpID.0110","Pv18-0073","7-May-2018","Commencement Bay"
"18OO0062","SpID.0110","Pv18-0074","7-May-2018","Commencement Bay"
"18OO0063","SpID.0110","Pv18-0075","7-May-2018","Commencement Bay"
"18OO0064","SpID.0110","Pv18-0076","7-May-2018","Commencement Bay"
"18OO0065","SpID.0110","Pv18-0077","7-May-2018","Commencement Bay"
"18OO0066","SpID.0110","Pv18-0078","7-May-2018","Commencement Bay"
"18OO0067","SpID.0110","Pv18-0079","7-May-2018","Commencement Bay"
"18OO0068","SpID.0110","Pv18-0080","7-May-2018","Commencement Bay"
"18OO0069","SpID.0110","Pv18-0081","7-May-2018","Commencement Bay"
"18OO0070","SpID.0110","Pv18-0082","7-May-2018","Commencement Bay"
"18OO0071","SpID.0110","Pv18-0083","7-May-2018","Commencement Bay"
"18OO0072","SpID.0110","Pv18-0084","7-May-2018","Commencement Bay"
"18OO0073","SpID.0110","Pv18-0085","7-May-2018","Commencement Bay"
"18OO0074","SpID.0110","Pv18-0086","7-May-2018","Commencement Bay"
"18OO0075","SpID.0110","Pv18-0087","7-May-2018","Commencement Bay"
"18OO0076","SpID.0110","Pv18-0088","7-May-2018","Commencement Bay"
"18OO0077","SpID.0110","Pv18-0089","7-May-2018","Commencement Bay"
"18OO0078","SpID.0110","Pv18-0090","7-May-2018","Commencement Bay"
"18OO0079","SpID.0110","Pv18-0091","7-May-2018","Commencement Bay"
"18OO0080","SpID.0110","Pv18-0092","7-May-2018","Commencement Bay"
"18OO0081","SpID.0110","Pv18-0093","7-May-2018","Commencement Bay"
"18OO0082","SpID.0110","Pv18-0094","7-May-2018","Commencement Bay"
"18OO0083","SpID.0110","Pv18-0095","7-May-2018","Commencement Bay"
"18OO0084","SpID.0110","Pv18-0096","7-May-2018","Commencement Bay"
"18OO0085","SpID.0110","Pv18-0097","7-May-2018","Commencement Bay"
"18OO0086","SpID.0110","Pv18-0098","7-May-2018","Commencement Bay"
"18OO0087","SpID.0110","Pv18-0099","7-May-2018","Commencement Bay"
"18OO0088","SpID.0110","Pv18-0100","7-May-2018","Commencement Bay"
"18OO0089","SpID.0110","Pv18-0101","7-May-2018","Commencement Bay"
"18OO0090","SpID.0110","Pv18-0102","7-May-2018","Commencement Bay"
"18OO0091","SpID.0110","Pv18-0103","7-May-2018","Commencement Bay"
"18OO0092","SpID.0110","Pv18-0104","7-May-2018","Commencement Bay"
"18OO0093","SpID.0110","Pv18-0105","7-May-2018","Commencement Bay"
"18OO0094","SpID.0110","Pv18-0106","19-Apr-2018","Gertrude Island"
"18OO0095","SpID.0110","Pv18-0107","19-Apr-2018","Gertrude Island"
"18OO0096","SpID.0110","Pv18-0108","19-Apr-2018","Cutts Island"
"18OO0097","SpID.0110","Pv18-0109","19-Apr-2018","Cutts Island"
"18OO0098","SpID.0110","Pv18-0110","19-Apr-2018","Cutts Island"
"18OO0099","SpID.0110","Pv18-0111","19-Apr-2018","Cutts Island"
"18OO0100","SpID.0110","Pv18-0112","19-Apr-2018","Cutts Island"
"18OO0101","SpID.0110","Pv18-0113","19-Apr-2018","Cutts Island"
"18OO0102","SpID.0110","Pv18-0114","19-Apr-2018","Cutts Island"
"18OO0103","SpID.0110","Pv18-0115","19-Apr-2018","Cutts Island"
"18OO0104","SpID.0110","Pv18-0116","19-Apr-2018","Cutts Island"
"18OO0105","SpID.0110","Pv18-0117","19-Apr-2018","Cutts Island"
"18OO0106","SpID.0110","Pv18-0118","14-May-2018","Woodard Bay"
"18OO0107","SpID.0110","Pv18-0119","14-May-2018","Woodard Bay"
"18OO0108","SpID.0110","Pv18-0120","14-May-2018","Woodard Bay"
"18OO0109","SpID.0110","Pv18-0121","14-May-2018","Gertrude Island"
"18OO0110","SpID.0110","Pv18-0122","14-May-2018","Gertrude Island"
"18OO0111","SpID.0110","Pv18-0123","14-May-2018","Gertrude Island"
"18OO0112","SpID.0110","Pv18-0124","14-May-2018","Gertrude Island"
"18OO0113","SpID.0110","Pv18-0125","14-May-2018","Gertrude Island"
"18OO0114","SpID.0110","Pv18-0126","14-May-2018","Gertrude Island"
"18OO0115","SpID.0110","Pv18-0127","14-May-2018","Cutts Island"
"18OO0116","SpID.0110","Pv18-0128","14-May-2018","Cutts Island"
"18OO0117","SpID.0110","Pv18-0129","14-May-2018","Cutts Island"
"18OO0118","SpID.0110","Pv18-0130","14-May-2018","Cutts Island"
"18OO0119","SpID.0110","Pv18-0131","14-May-2018","Cutts Island"
"18OO0120","SpID.0110","Pv18-0132","14-May-2018","Cutts Island"
"18OO0121","SpID.0110","Pv18-0133","11-May-2018","Eagle Island"
"18OO0122","SpID.0110","Pv18-0134","11-May-2018","Eagle Island"
"18OO0123","SpID.0110","Pv18-0135","11-May-2018","Woodard Bay"
"18OO0124","SpID.0110","Pv18-0136","11-May-2018","Woodard Bay"
"18OO0125","SpID.0110","Pv18-0137","11-May-2018","Woodard Bay"
"18OO0126","SpID.0110","Pv18-0138","11-May-2018","Woodard Bay"
"18OO0127","SpID.0110","Pv18-0139","11-May-2018","Woodard Bay"
"18OO0128","SpID.0110","Pv18-0140","11-May-2018","Gertrude Island"
"18OO0129","SpID.0110","Pv18-0141","11-May-2018","Gertrude Island"
"18OO0130","SpID.0110","Pv18-0142","11-May-2018","Gertrude Island"
"18OO0131","SpID.0110","Pv18-0143","11-May-2018","Cutts Island"
"18OO0132","SpID.0110","Pv18-0144","11-May-2018","Cutts Island"
"18OO0133","SpID.0110","Pv18-0145","11-May-2018","Cutts Island"
"18OO0133","SpID.0116","Pv18-0145","11-May-2018","Cutts Island"
"18OO0134","SpID.0110","Pv18-0146","11-May-2018","Cutts Island"
"18OO0134","SpID.0116","Pv18-0146","11-May-2018","Cutts Island"
"18OO0135","SpID.0111","Pv18-0147","11-May-2018","Cutts Island"
"18OO0135","SpID.0116","Pv18-0147","11-May-2018","Cutts Island"
"18OO0136","SpID.0111","Pv18-0148","11-May-2018","Cutts Island"
"18OO0136","SpID.0116","Pv18-0148","11-May-2018","Cutts Island"
"18OO0137","SpID.0111","Pv18-0149","11-May-2018","Cutts Island"
"18OO0137","SpID.0116","Pv18-0149","11-May-2018","Cutts Island"
"18OO0138","SpID.0111","Pv18-0150","11-May-2018","Cutts Island"
"18OO0138","SpID.0116","Pv18-0150","11-May-2018","Cutts Island"
"18OO0139","SpID.0111","Pv18-0151","11-May-2018","Cutts Island"
"18OO0139","SpID.0116","Pv18-0151","11-May-2018","Cutts Island"
"18OO0140","SpID.0111","Pv18-0152","11-May-2018","Cutts Island"
"18OO0140","SpID.0116","Pv18-0152","11-May-2018","Cutts Island"
"18OO0141","SpID.0111","Pv18-0153","11-May-2018","Cutts Island"
"18OO0141","SpID.0116","Pv18-0153","11-May-2018","Cutts Island"
"18OO0142","SpID.0111","Pv18-0154","11-May-2018","Cutts Island"
"18OO0142","SpID.0116","Pv18-0154","11-May-2018","Cutts Island"
"18OO0143","SpID.0111","Pv18-0155","11-May-2018","Cutts Island"
"18OO0143","SpID.0116","Pv18-0155","11-May-2018","Cutts Island"
"18OO0144","SpID.0111","Pv18-0156","11-May-2018","Cutts Island"
"18OO0144","SpID.0116","Pv18-0156","11-May-2018","Cutts Island"
"18OO0145","SpID.0111","Pv18-0157","11-May-2018","Cutts Island"
"18OO0145","SpID.0116","Pv18-0157","11-May-2018","Cutts Island"
"18OO0146","SpID.0111","Pv18-0158","11-May-2018","Cutts Island"
"18OO0146","SpID.0116","Pv18-0158","11-May-2018","Cutts Island"
"18OO0147","SpID.0111","Pv18-0159","11-May-2018","Cutts Island"
"18OO0147","SpID.0116","Pv18-0159","11-May-2018","Cutts Island"
"18OO0148","SpID.0111","Pv18-0160","18-May-2018","Woodard Bay"
"18OO0148","SpID.0116","Pv18-0160","18-May-2018","Woodard Bay"
"18OO0149","SpID.0111","Pv18-0161","18-May-2018","Woodard Bay"
"18OO0149","SpID.0116","Pv18-0161","18-May-2018","Woodard Bay"
"18OO0150","SpID.0111","Pv18-0162","18-May-2018","Woodard Bay"
"18OO0150","SpID.0116","Pv18-0162","18-May-2018","Woodard Bay"
"18OO0151","SpID.0111","Pv18-0163","18-May-2018","Woodard Bay"
"18OO0151","SpID.0116","Pv18-0163","18-May-2018","Woodard Bay"
"18OO0152","SpID.0111","Pv18-0164","18-May-2018","Woodard Bay"
"18OO0152","SpID.0116","Pv18-0164","18-May-2018","Woodard Bay"
"18OO0153","SpID.0111","Pv18-0165","18-May-2018","Cutts Island"
"18OO0153","SpID.0116","Pv18-0165","18-May-2018","Cutts Island"
"18OO0154","SpID.0111","Pv18-0166","18-May-2018","Cutts Island"
"18OO0154","SpID.0116","Pv18-0166","18-May-2018","Cutts Island"
"18OO0155","SpID.0111","Pv18-0167","18-May-2018","Cutts Island"
"18OO0155","SpID.0116","Pv18-0167","18-May-2018","Cutts Island"
"18OO0156","SpID.0111","Pv18-0168","18-May-2018","Cutts Island"
"18OO0157","SpID.0111","Pv18-0169","18-May-2018","Cutts Island"
"18OO0158","SpID.0111","Pv18-0170","18-May-2018","Cutts Island"
"18OO0159","SpID.0111","Pv18-0171","18-May-2018","Cutts Island"
"18OO0160","SpID.0111","Pv18-0172","18-May-2018","Cutts Island"
"18OO0161","SpID.0111","Pv18-0173","18-May-2018","Cutts Island"
"18OO0162","SpID.0111","Pv18-0174","18-May-2018","Gertrude Island"
"18OO0163","SpID.0111","Pv18-0175","18-May-2018","Gertrude Island"
"18OO0164","SpID.0111","Pv18-0176","18-May-2018","Gertrude Island"
"18OO0165","SpID.0111","Pv18-0177","18-May-2018","Gertrude Island"
"18OO0166","SpID.0111","Pv18-0178","18-May-2018","Gertrude Island"
"18OO0167","SpID.0111","Pv18-0179","18-May-2018","Gertrude Island"
"18OO0168","SpID.0111","Pv18-0180","18-May-2018","Gertrude Island"
"18OO0169","SpID.0111","Pv18-0181","18-May-2018","Gertrude Island"
"18OO0170","SpID.0111","Pv18-0182","18-May-2018","Gertrude Island"
"18OO0171","SpID.0111","Pv18-0183","18-May-2018","Gertrude Island"
"18OO0172","SpID.0111","Pv18-0184","18-May-2018","Gertrude Island"
"18OO0173","SpID.0111","Pv18-0185","18-May-2018","Gertrude Island"
"18OO0174","SpID.0111","Pv18-0186","18-May-2018","Commencement Bay"
"18OO0175","SpID.0111","Pv18-0187","18-May-2018","Commencement Bay"
"18OO0176","SpID.0111","Pv18-0188","18-May-2018","Commencement Bay"
"18OO0177","SpID.0111","Pv18-0189","18-May-2018","Commencement Bay"
"18OO0178","SpID.0111","Pv18-0190","18-May-2018","Commencement Bay"
"18OO0179","SpID.0111","Pv18-0191","18-May-2018","Commencement Bay"
"18OO0180","SpID.0111","Pv18-0192","18-May-2018","Commencement Bay"
"18OO0181","SpID.0111","Pv18-0193","18-May-2018","Commencement Bay"
"18OO0182","SpID.0111","Pv18-0194","18-May-2018","Commencement Bay"
"18OO0183","SpID.0111","Pv18-0195","18-May-2018","Commencement Bay"
"18OO0184","SpID.0111","Pv18-0196","18-May-2018","Commencement Bay"
"18OO0185","SpID.0111","Pv18-0197","18-May-2018","Commencement Bay"
"18OO0186","SpID.0111","Pv18-0198","18-May-2018","Commencement Bay"
"18OO0187","SpID.0111","Pv18-0199","18-May-2018","Commencement Bay"
"18OO0188","SpID.0111","Pv18-0200","18-May-2018","Commencement Bay"
"18OO0189","SpID.0111","Pv18-0201","18-May-2018","Commencement Bay"
"18OO0190","SpID.0111","Pv18-0202","18-May-2018","Commencement Bay"
"18OO0191","SpID.0111","Pv18-0203","18-May-2018","Commencement Bay"
"18OO0192","SpID.0111","Pv18-0204","18-May-2018","Commencement Bay"
"18OO0193","SpID.0111","Pv18-0205","18-May-2018","Commencement Bay"
"18OO0194","SpID.0111","Pv18-0206","18-May-2018","Commencement Bay"
"18OO0195","SpID.0111","Pv18-0207","18-May-2018","Commencement Bay"
"18OO0196","SpID.0111","Pv18-0208","18-May-2018","Commencement Bay"
"18OO0197","SpID.0111","Pv18-0209","18-May-2018","Commencement Bay"
"18OO0198","SpID.0111","Pv18-0210","18-May-2018","Commencement Bay"
"18OO0199","SpID.0111","Pv18-0211","18-May-2018","Commencement Bay"
"18OO0200","SpID.0111","Pv18-0212","18-May-2018","Commencement Bay"
"18OO0201","SpID.0111","Pv18-0213","18-May-2018","Commencement Bay"
"18OO0202","SpID.0111","Pv18-0214","18-May-2018","Commencement Bay"
"18OO0203","SpID.0111","Pv18-0215","18-May-2018","Commencement Bay"
"18OO0204","SpID.0111","Pv18-0216","18-May-2018","Commencement Bay"
"18OO0205","SpID.0111","Pv18-0217","18-May-2018","Commencement Bay"
"18OO0206","SpID.0111","Pv18-0218","18-May-2018","Commencement Bay"
"18OO0207","SpID.0111","Pv18-0219","18-May-2018","Commencement Bay"
"18OO0208","SpID.0111","Pv18-0220","25-May-2018","Gertrude Island"
"18OO0209","SpID.0111","Pv18-0221","25-May-2018","Gertrude Island"
"18OO0210","SpID.0111","Pv18-0222","25-May-2018","Gertrude Island"
"18OO0211","SpID.0111","Pv18-0223","25-May-2018","Gertrude Island"
"18OO0212","SpID.0111","Pv18-0224","25-May-2018","Gertrude Island"
"18OO0213","SpID.0111","Pv18-0225","25-May-2018","Gertrude Island"
"18OO0214","SpID.0111","Pv18-0226","25-May-2018","Gertrude Island"
"18OO0215","SpID.0111","Pv18-0227","25-May-2018","Gertrude Island"
"18OO0216","SpID.0111","Pv18-0228","25-May-2018","Gertrude Island"
"18OO0217","SpID.0111","Pv18-0229","25-May-2018","Woodard Bay"
"18OO0218","SpID.0111","Pv18-0230","25-May-2018","Woodard Bay"
"18OO0219","SpID.0111","Pv18-0231","25-May-2018","Cutts Island"
"18OO0220","SpID.0111","Pv18-0232","25-May-2018","Cutts Island"
"18OO0221","SpID.0111","Pv18-0233","25-May-2018","Cutts Island"
"18OO0222","SpID.0111","Pv18-0234","25-May-2018","Cutts Island"
"18OO0223","SpID.0111","Pv18-0235","25-May-2018","Cutts Island"
"18OO0224","SpID.0111","Pv18-0236","25-May-2018","Cutts Island"
"18OO0225","SpID.0111","Pv18-0237","25-May-2018","Cutts Island"
"18OO0226","SpID.0112","Pv18-0238","25-May-2018","Cutts Island"
"18OO0227","SpID.0112","Pv18-0239","25-May-2018","Cutts Island"
"18OO0228","SpID.0112","Pv18-0240","25-May-2018","Commencement Bay"
"18OO0229","SpID.0112","Pv18-0241","25-May-2018","Commencement Bay"
"18OO0230","SpID.0112","Pv18-0242","25-May-2018","Commencement Bay"
"18OO0231","SpID.0112","Pv18-0243","25-May-2018","Commencement Bay"
"18OO0232","SpID.0112","Pv18-0244","25-May-2018","Commencement Bay"
"18OO0233","SpID.0112","Pv18-0245","25-May-2018","Commencement Bay"
"18OO0234","SpID.0112","Pv18-0246","25-May-2018","Commencement Bay"
"18OO0235","SpID.0112","Pv18-0247","25-May-2018","Commencement Bay"
"18OO0236","SpID.0112","Pv18-0248","25-May-2018","Commencement Bay"
"18OO0237","SpID.0112","Pv18-0249","25-May-2018","Commencement Bay"
"18OO0238","SpID.0112","Pv18-0250","25-May-2018","Commencement Bay"
"18OO0239","SpID.0112","Pv18-0251","25-May-2018","Commencement Bay"
"18OO0240","SpID.0112","Pv18-0252","25-May-2018","Commencement Bay"
"18OO0241","SpID.0112","Pv18-0253","25-May-2018","Commencement Bay"
"18OO0242","SpID.0112","Pv18-0254","25-May-2018","Commencement Bay"
"18OO0243","SpID.0112","Pv18-0255","25-May-2018","Commencement Bay"
"18OO0244","SpID.0112","Pv18-0256","25-May-2018","Commencement Bay"
"18OO0245","SpID.0112","Pv18-0257","25-May-2018","Commencement Bay"
"18OO0246","SpID.0112","Pv18-0258","25-May-2018","Commencement Bay"
"18OO0247","SpID.0112","Pv18-0259","25-May-2018","Commencement Bay"
"18OO0248","SpID.0112","Pv18-0260","25-May-2018","Commencement Bay"
"18OO0249","SpID.0112","Pv18-0261","25-May-2018","Commencement Bay"
"18OO0250","SpID.0112","Pv18-0262","25-May-2018","Commencement Bay"
"18OO0251","SpID.0112","Pv18-0263","25-May-2018","Commencement Bay"
"18OO0252","SpID.0112","Pv18-0264","25-May-2018","Commencement Bay"
"18OO0253","SpID.0112","Pv18-0265","25-May-2018","Commencement Bay"
"18OO0254","SpID.0112","Pv18-0266","25-May-2018","Commencement Bay"
"18OO0255","SpID.0112","Pv18-0267","25-May-2018","Commencement Bay"
"18OO0256","SpID.0112","Pv18-0268","25-May-2018","Commencement Bay"
"18OO0257","SpID.0112","Pv18-0269","25-May-2018","Commencement Bay"
"18OO0258","SpID.0112","Pv18-0270","25-May-2018","Commencement Bay"
"18OO0259","SpID.0112","Pv18-0271","25-May-2018","Commencement Bay"
"18OO0260","SpID.0112","Pv18-0272","25-May-2018","Commencement Bay"
"18OO0261","SpID.0112","Pv18-0273","25-May-2018","Commencement Bay"
"18OO0262","SpID.0112","Pv18-0274","25-May-2018","Commencement Bay"
"18OO0263","SpID.0112","Pv18-0275","25-May-2018","Commencement Bay"
"18OO0264","SpID.0112","Pv18-0276","25-May-2018","Commencement Bay"
"18OO0265","SpID.0112","Pv18-0277","25-May-2018","Commencement Bay"
"18OO0266","SpID.0112","Pv18-0278","25-May-2018","Commencement Bay"
"18OO0267","SpID.0112","Pv18-0279","25-May-2018","Commencement Bay"
"18OO0268","SpID.0112","Pv18-0280","25-May-2018","Commencement Bay"
"18OO0269","SpID.0112","Pv18-0281","1-Jun-2018","Cutts Island"
"18OO0270","SpID.0112","Pv18-0282","1-Jun-2018","Cutts Island"
"18OO0271","SpID.0112","Pv18-0283","1-Jun-2018","Cutts Island"
"18OO0272","SpID.0112","Pv18-0284","1-Jun-2018","Cutts Island"
"18OO0273","SpID.0112","Pv18-0285","1-Jun-2018","Cutts Island"
"18OO0274","SpID.0112","Pv18-0286","1-Jun-2018","Cutts Island"
"18OO0275","SpID.0112","Pv18-0287","1-Jun-2018","Cutts Island"
"18OO0276","SpID.0112","Pv18-0288","1-Jun-2018","Cutts Island"
"18OO0277","SpID.0112","Pv18-0289","1-Jun-2018","Cutts Island"
"18OO0278","SpID.0112","Pv18-0290","1-Jun-2018","Cutts Island"
"18OO0279","SpID.0112","Pv18-0291","1-Jun-2018","Cutts Island"
"18OO0280","SpID.0112","Pv18-0292","1-Jun-2018","Cutts Island"
"18OO0281","SpID.0112","Pv18-0293","1-Jun-2018","Cutts Island"
"18OO0657","SpID.0116","Pv18-0294","1-Jun-2018","Commencement Bay"
"18OO0658","SpID.0116","Pv18-0295","1-Jun-2018","Commencement Bay"
"18OO0284","SpID.0112","Pv18-0296","1-Jun-2018","Commencement Bay"
"18OO0285","SpID.0112","Pv18-0297","1-Jun-2018","Commencement Bay"
"18OO0659","SpID.0116","Pv18-0298","1-Jun-2018","Commencement Bay"
"18OO0287","SpID.0112","Pv18-0299","1-Jun-2018","Commencement Bay"
"18OO0660","SpID.0116","Pv18-0300","1-Jun-2018","Commencement Bay"
"18OO0289","SpID.0112","Pv18-0301","1-Jun-2018","Commencement Bay"
"18OO0290","SpID.0112","Pv18-0302","1-Jun-2018","Commencement Bay"
"18OO0291","SpID.0112","Pv18-0303","1-Jun-2018","Commencement Bay"
"18OO0661","SpID.0116","Pv18-0304","1-Jun-2018","Commencement Bay"
"18OO0293","SpID.0112","Pv18-0305","1-Jun-2018","Commencement Bay"
"18OO0294","SpID.0112","Pv18-0306","1-Jun-2018","Commencement Bay"
"18OO0295","SpID.0112","Pv18-0307","1-Jun-2018","Commencement Bay"
"18OO0296","SpID.0112","Pv18-0308","1-Jun-2018","Commencement Bay"
"18OO0297","SpID.0112","Pv18-0309","1-Jun-2018","Commencement Bay"
"18OO0662","SpID.0116","Pv18-0310","1-Jun-2018","Commencement Bay"
"18OO0299","SpID.0112","Pv18-0311","1-Jun-2018","Commencement Bay"
"18OO0300","SpID.0112","Pv18-0312","1-Jun-2018","Commencement Bay"
"18OO0663","SpID.0116","Pv18-0313","1-Jun-2018","Commencement Bay"
"18OO0302","SpID.0112","Pv18-0314","1-Jun-2018","Commencement Bay"
"18OO0664","SpID.0116","Pv18-0315","1-Jun-2018","Commencement Bay"
"18OO0304","SpID.0112","Pv18-0316","1-Jun-2018","Commencement Bay"
"18OO0305","SpID.0112","Pv18-0317","1-Jun-2018","Commencement Bay"
"18OO0665","SpID.0116","Pv18-0318","1-Jun-2018","Commencement Bay"
"18OO0307","SpID.0112","Pv18-0319","1-Jun-2018","Commencement Bay"
"18OO0666","SpID.0116","Pv18-0320","1-Jun-2018","Commencement Bay"
"18OO0309","SpID.0112","Pv18-0321","1-Jun-2018","Commencement Bay"
"18OO0310","SpID.0112","Pv18-0322","1-Jun-2018","Commencement Bay"
"18OO0667","SpID.0116","Pv18-0323","1-Jun-2018","Commencement Bay"
"18OO0312","SpID.0112","Pv18-0324","1-Jun-2018","Gertrude Island"
"18OO0313","SpID.0112","Pv18-0325","1-Jun-2018","Gertrude Island"
"18OO0314","SpID.0112","Pv18-0326","1-Jun-2018","Gertrude Island"
"18OO0315","SpID.0112","Pv18-0327","1-Jun-2018","Gertrude Island"
"18OO0316","SpID.0112","Pv18-0328","1-Jun-2018","Woodard Bay"
"18OO0317","SpID.0112","Pv18-0329","1-Jun-2018","Woodard Bay"
"18OO0318","SpID.0112","Pv18-0330","1-Jun-2018","Woodard Bay"
"18OO0319","SpID.0112","Pv18-0331","1-Jun-2018","Woodard Bay"
"18OO0320","SpID.0112","Pv18-0332","1-Jun-2018","Woodard Bay"
"18OO0321","SpID.0112","Pv18-0333","1-Jun-2018","Woodard Bay"
"18OO0322","SpID.0112","Pv18-0334","1-Jun-2018","Woodard Bay"
"18OO0323","SpID.0112","Pv18-0335","1-Jun-2018","Woodard Bay"
"18OO0324","SpID.0112","Pv18-0336","1-Jun-2018","Woodard Bay"
"18OO0326","SpID.0112","Pv18-0338","1-Jun-2018","Woodard Bay"
"18OO0327","SpID.0112","Pv18-0339","1-Jun-2018","Woodard Bay"
"18OO0328","SpID.0112","Pv18-0340","1-Jun-2018","Woodard Bay"
"18OO0329","SpID.0113","Pv18-0341","1-Jun-2018","Woodard Bay"
"18OO0330","SpID.0113","Pv18-0342","1-Jun-2018","Woodard Bay"
"18OO0332","SpID.0113","Pv18-0344","1-Jun-2018","Woodard Bay"
"18OO0333","SpID.0113","Pv18-0345","1-Jun-2018","Woodard Bay"
"18OO0334","SpID.0113","Pv18-0346","1-Jun-2018","Woodard Bay"
"18OO0335","SpID.0113","Pv18-0347","1-Jun-2018","Woodard Bay"
"18OO0337","SpID.0113","Pv18-0349","1-Jun-2018","Woodard Bay"
"18OO0338","SpID.0113","Pv18-0350","1-Jun-2018","Woodard Bay"
"18OO0339","SpID.0113","Pv18-0351","1-Jun-2018","Eagle Island"
"18OO0340","SpID.0113","Pv18-0377","8-Jun-2018","Gertrude Island"
"18OO0341","SpID.0113","Pv18-0378","8-Jun-2018","Gertrude Island"
"18OO0342","SpID.0113","Pv18-0379","8-Jun-2018","Gertrude Island"
"18OO0343","SpID.0113","Pv18-0380","8-Jun-2018","Gertrude Island"
"18OO0344","SpID.0113","Pv18-0381","8-Jun-2018","Gertrude Island"
"18OO0345","SpID.0113","Pv18-0382","8-Jun-2018","Gertrude Island"
"18OO0346","SpID.0113","Pv18-0383","8-Jun-2018","Eagle Island"
"18OO0347","SpID.0113","Pv18-0384","8-Jun-2018","Eagle Island"
"18OO0348","SpID.0113","Pv18-0385","8-Jun-2018","Woodard Bay"
"18OO0349","SpID.0113","Pv18-0386","8-Jun-2018","Woodard Bay"
"18OO0350","SpID.0113","Pv18-0387","8-Jun-2018","Woodard Bay"
"18OO0351","SpID.0113","Pv18-0388","8-Jun-2018","Woodard Bay"
"18OO0352","SpID.0113","Pv18-0389","8-Jun-2018","Woodard Bay"
"18OO0353","SpID.0113","Pv18-0390","8-Jun-2018","Woodard Bay"
"18OO0354","SpID.0113","Pv18-0391","8-Jun-2018","Woodard Bay"
"18OO0355","SpID.0113","Pv18-0392","8-Jun-2018","Woodard Bay"
"18OO0356","SpID.0113","Pv18-0393","8-Jun-2018","Woodard Bay"
"18OO0357","SpID.0113","Pv18-0394","8-Jun-2018","Woodard Bay"
"18OO0358","SpID.0113","Pv18-0395","8-Jun-2018","Woodard Bay"
"18OO0359","SpID.0113","Pv18-0396","8-Jun-2018","Woodard Bay"
"18OO0360","SpID.0113","Pv18-0397","8-Jun-2018","Cutts Island"
"18OO0361","SpID.0113","Pv18-0398","8-Jun-2018","Cutts Island"
"18OO0362","SpID.0113","Pv18-0399","8-Jun-2018","Cutts Island"
"18OO0363","SpID.0113","Pv18-0400","8-Jun-2018","Cutts Island"
"18OO0364","SpID.0113","Pv18-0401","8-Jun-2018","Cutts Island"
"18OO0365","SpID.0113","Pv18-0402","8-Jun-2018","Cutts Island"
"18OO0366","SpID.0113","Pv18-0403","8-Jun-2018","Cutts Island"
"18OO0367","SpID.0113","Pv18-0404","8-Jun-2018","Cutts Island"
"18OO0368","SpID.0113","Pv18-0405","8-Jun-2018","Cutts Island"
"18OO0369","SpID.0113","Pv18-0406","8-Jun-2018","Cutts Island"
"18OO0370","SpID.0113","Pv18-0407","8-Jun-2018","Cutts Island"
"18OO0371","SpID.0113","Pv18-0408","8-Jun-2018","Cutts Island"
"18OO0372","SpID.0113","Pv18-0409","8-Jun-2018","Cutts Island"
"18OO0373","SpID.0113","Pv18-0410","8-Jun-2018","Cutts Island"
"18OO0374","SpID.0113","Pv18-0411","8-Jun-2018","Cutts Island"
"18OO0375","SpID.0113","Pv18-0412","8-Jun-2018","Cutts Island"
"18OO0376","SpID.0113","Pv18-0413","8-Jun-2018","Cutts Island"
"18OO0377","SpID.0113","Pv18-0414","8-Jun-2018","Cutts Island"
"18OO0378","SpID.0113","Pv18-0415","8-Jun-2018","Cutts Island"
"18OO0379","SpID.0113","Pv18-0416","8-Jun-2018","Cutts Island"
"18OO0380","SpID.0113","Pv18-0417","15-Jun-2018","Gertrude Island"
"18OO0381","SpID.0113","Pv18-0418","15-Jun-2018","Gertrude Island"
"18OO0382","SpID.0113","Pv18-0419","15-Jun-2018","Gertrude Island"
"18OO0383","SpID.0113","Pv18-0420","15-Jun-2018","Woodard Bay"
"18OO0384","SpID.0113","Pv18-0421","15-Jun-2018","Woodard Bay"
"18OO0385","SpID.0113","Pv18-0422","15-Jun-2018","Woodard Bay"
"18OO0386","SpID.0113","Pv18-0423","15-Jun-2018","Woodard Bay"
"18OO0387","SpID.0113","Pv18-0424","15-Jun-2018","Woodard Bay"
"18OO0388","SpID.0113","Pv18-0425","15-Jun-2018","Woodard Bay"
"18OO0389","SpID.0113","Pv18-0426","15-Jun-2018","Woodard Bay"
"18OO0390","SpID.0113","Pv18-0427","15-Jun-2018","Cutts Island"
"18OO0391","SpID.0113","Pv18-0428","15-Jun-2018","Cutts Island"
"18OO0392","SpID.0113","Pv18-0429","15-Jun-2018","Cutts Island"
"18OO0393","SpID.0113","Pv18-0430","15-Jun-2018","Cutts Island"
"18OO0394","SpID.0113","Pv18-0431","15-Jun-2018","Cutts Island"
"18OO0395","SpID.0113","Pv18-0432","15-Jun-2018","Cutts Island"
"18OO0396","SpID.0113","Pv18-0433","15-Jun-2018","Cutts Island"
"18OO0397","SpID.0113","Pv18-0434","15-Jun-2018","Cutts Island"
"18OO0398","SpID.0113","Pv18-0435","15-Jun-2018","Cutts Island"
"18OO0399","SpID.0113","Pv18-0436","15-Jun-2018","Cutts Island"
"18OO0668","SpID.0116","Pv18-0440","15-Jun-2018","Commencement Bay"
"18OO0669","SpID.0116","Pv18-0441","15-Jun-2018","Commencement Bay"
"18OO0670","SpID.0116","Pv18-0442","15-Jun-2018","Commencement Bay"
"18OO0671","SpID.0116","Pv18-0443","15-Jun-2018","Commencement Bay"
"18OO0672","SpID.0116","Pv18-0444","15-Jun-2018","Commencement Bay"
"18OO0673","SpID.0116","Pv18-0445","15-Jun-2018","Commencement Bay"
"18OO0674","SpID.0116","Pv18-0446","15-Jun-2018","Commencement Bay"
"18OO0675","SpID.0116","Pv18-0447","15-Jun-2018","Commencement Bay"
"18OO0676","SpID.0116","Pv18-0448","15-Jun-2018","Commencement Bay"
"18OO0677","SpID.0116","Pv18-0449","15-Jun-2018","Commencement Bay"
"18OO0678","SpID.0116","Pv18-0450","15-Jun-2018","Commencement Bay"
"18OO0679","SpID.0116","Pv18-0451","15-Jun-2018","Commencement Bay"
"18OO0680","SpID.0116","Pv18-0452","15-Jun-2018","Commencement Bay"
"18OO0681","SpID.0116","Pv18-0453","15-Jun-2018","Commencement Bay"
"18OO0682","SpID.0116","Pv18-0454","15-Jun-2018","Commencement Bay"
"18OO0683","SpID.0116","Pv18-0455","15-Jun-2018","Commencement Bay"
"18OO0684","SpID.0116","Pv18-0456","15-Jun-2018","Commencement Bay"
"18OO0685","SpID.0116","Pv18-0457","15-Jun-2018","Commencement Bay"
"18OO0686","SpID.0116","Pv18-0458","15-Jun-2018","Commencement Bay"
"18OO0687","SpID.0116","Pv18-0459","15-Jun-2018","Commencement Bay"
"18OO0688","SpID.0116","Pv18-0460","15-Jun-2018","Commencement Bay"
"18OO0689","SpID.0116","Pv18-0461","15-Jun-2018","Commencement Bay"
"18OO0690","SpID.0116","Pv18-0462","15-Jun-2018","Commencement Bay"
"18OO0691","SpID.0116","Pv18-0463","15-Jun-2018","Commencement Bay"
"18OO0692","SpID.0116","Pv18-0464","15-Jun-2018","Commencement Bay"
"18OO0417","SpID.0113","Pv18-0465","15-Jun-2018","Commencement Bay"
"18OO0418","SpID.0113","Pv18-0466","15-Jun-2018","Commencement Bay"
"18OO0419","SpID.0113","Pv18-0467","15-Jun-2018","Commencement Bay"
"18OO0693","SpID.0116","Pv18-0468","15-Jun-2018","Commencement Bay"
"18OO0420","SpID.0113","Pv18-0469","15-Jun-2018","Commencement Bay"
"18OO0421","SpID.0113","Pv18-0470","15-Jun-2018","Commencement Bay"
"18OO0694","SpID.0116","Pv18-0471","15-Jun-2018","Commencement Bay"
"18OO0422","SpID.0113","Pv18-0472","15-Jun-2018","Commencement Bay"
"18OO0423","SpID.0113","Pv18-0473","15-Jun-2018","Commencement Bay"
"18OO0695","SpID.0116","Pv18-0474","15-Jun-2018","Commencement Bay"
"18OO0424","SpID.0113","Pv18-0475","15-Jun-2018","Commencement Bay"
"18OO0425","SpID.0113","Pv18-0476","15-Jun-2018","Commencement Bay"
"18OO0426","SpID.0113","Pv18-0477","15-Jun-2018","Commencement Bay"
"18OO0427","SpID.0113","Pv18-0478","15-Jun-2018","Commencement Bay"
"18OO0428","SpID.0113","Pv18-0479","15-Jun-2018","Commencement Bay"
"18OO0429","SpID.0113","Pv18-0480","15-Jun-2018","Commencement Bay"
"18OO0430","SpID.0113","Pv18-0481","15-Jun-2018","Commencement Bay"
"18OO0431","SpID.0113","Pv18-0482","15-Jun-2018","Commencement Bay"
"18OO0432","SpID.0113","Pv18-0483","15-Jun-2018","Commencement Bay"
"18OO0433","SpID.0113","Pv18-0484","15-Jun-2018","Commencement Bay"
"18OO0434","SpID.0113","Pv18-0485","15-Jun-2018","Commencement Bay"
"18OO0435","SpID.0113","Pv18-0486","15-Jun-2018","Commencement Bay"
"18OO0436","SpID.0113","Pv18-0487","15-Jun-2018","Commencement Bay"
"18OO0449","SpID.0113","Pv18-0565","20-Apr-2018","Eagle Island"
"18OO0450","SpID.0113","Pv18-0566","20-Apr-2018","Woodard Bay"
"18OO0451","SpID.0113","Pv18-0567","20-Apr-2018","Woodard Bay"
"18OO0452","SpID.0114","Pv18-0568","20-Apr-2018","Woodard Bay"
"18OO0452","SpID.0116","Pv18-0568","20-Apr-2018","Woodard Bay"
"18OO0453","SpID.0114","Pv18-0569","20-Apr-2018","Woodard Bay"
"18OO0453","SpID.0116","Pv18-0569","20-Apr-2018","Woodard Bay"
"18OO0454","SpID.0114","Pv18-0570","20-Apr-2018","Woodard Bay"
"18OO0454","SpID.0116","Pv18-0570","20-Apr-2018","Woodard Bay"
"18OO0455","SpID.0114","Pv18-0571","20-Apr-2018","Woodard Bay"
"18OO0455","SpID.0116","Pv18-0571","20-Apr-2018","Woodard Bay"
"18OO0456","SpID.0114","Pv18-0572","20-Apr-2018","Woodard Bay"
"18OO0456","SpID.0116","Pv18-0572","20-Apr-2018","Woodard Bay"
"18OO0457","SpID.0114","Pv18-0573","20-Apr-2018","Woodard Bay"
"18OO0457","SpID.0117","Pv18-0573","20-Apr-2018","Woodard Bay"
"18OO0458","SpID.0114","Pv18-0574","20-Apr-2018","Woodard Bay"
"18OO0458","SpID.0117","Pv18-0574","20-Apr-2018","Woodard Bay"
"18OO0459","SpID.0114","Pv18-0585","20-Apr-2018","Commencement Bay"
"18OO0459","SpID.0117","Pv18-0585","20-Apr-2018","Commencement Bay"
"18OO0460","SpID.0114","Pv18-0586","20-Apr-2018","Commencement Bay"
"18OO0460","SpID.0117","Pv18-0586","20-Apr-2018","Commencement Bay"
"18OO0461","SpID.0114","Pv18-0587","20-Apr-2018","Commencement Bay"
"18OO0461","SpID.0117","Pv18-0587","20-Apr-2018","Commencement Bay"
"18OO0462","SpID.0114","Pv18-0589","20-Apr-2018","Commencement Bay"
"18OO0462","SpID.0117","Pv18-0589","20-Apr-2018","Commencement Bay"
"18OO0463","SpID.0114","Pv18-0591","20-Apr-2018","Commencement Bay"
"18OO0463","SpID.0117","Pv18-0591","20-Apr-2018","Commencement Bay"
"18OO0464","SpID.0114","Pv18-0592","20-Apr-2018","Commencement Bay"
"18OO0464","SpID.0117","Pv18-0592","20-Apr-2018","Commencement Bay"
"18OO0465","SpID.0114","Pv18-0593","20-Apr-2018","Commencement Bay"
"18OO0465","SpID.0117","Pv18-0593","20-Apr-2018","Commencement Bay"
"18OO0466","SpID.0114","Pv18-0594","20-Apr-2018","Commencement Bay"
"18OO0466","SpID.0117","Pv18-0594","20-Apr-2018","Commencement Bay"
"18OO0467","SpID.0114","Pv18-0596","20-Apr-2018","Commencement Bay"
"18OO0467","SpID.0117","Pv18-0596","20-Apr-2018","Commencement Bay"
"18OO0468","SpID.0114","Pv18-0598","20-Apr-2018","Commencement Bay"
"18OO0468","SpID.0117","Pv18-0598","20-Apr-2018","Commencement Bay"
"18OO0469","SpID.0114","Pv18-0599","20-Apr-2018","Commencement Bay"
"18OO0469","SpID.0117","Pv18-0599","20-Apr-2018","Commencement Bay"
"18OO0470","SpID.0114","Pv18-0601","20-Apr-2018","Commencement Bay"
"18OO0470","SpID.0117","Pv18-0601","20-Apr-2018","Commencement Bay"
"18OO0471","SpID.0114","Pv18-0603","20-Apr-2018","Commencement Bay"
"18OO0471","SpID.0117","Pv18-0603","20-Apr-2018","Commencement Bay"
"18OO0472","SpID.0114","Pv18-0604","20-Apr-2018","Commencement Bay"
"18OO0472","SpID.0117","Pv18-0604","20-Apr-2018","Commencement Bay"
"18OO0473","SpID.0114","Pv18-0605","20-Apr-2018","Commencement Bay"
"18OO0473","SpID.0117","Pv18-0605","20-Apr-2018","Commencement Bay"
"18OO0474","SpID.0114","Pv18-0606","20-Apr-2018","Commencement Bay"
"18OO0474","SpID.0117","Pv18-0606","20-Apr-2018","Commencement Bay"
"18OO0476","SpID.0114","Pv18-0610","20-Apr-2018","Commencement Bay"
"18OO0477","SpID.0114","Pv18-0612","20-Apr-2018","Commencement Bay"
"18OO0478","SpID.0114","Pv18-0613","20-Apr-2018","Commencement Bay"
"18OO0479","SpID.0114","Pv18-0615","20-Apr-2018","Commencement Bay"
"18OO0480","SpID.0114","Pv18-0815","4-Apr-2018","Red Salmon Slough"
"18OO0481","SpID.0114","Pv18-0816","4-Apr-2018","Red Salmon Slough"
"18OO0482","SpID.0114","Pv18-0817","4-Apr-2018","Red Salmon Slough"
"18OO0483","SpID.0114","Pv18-0818","4-Apr-2018","Red Salmon Slough"
"18OO0484","SpID.0114","Pv18-0819","4-Apr-2018","Red Salmon Slough"
"18OO0485","SpID.0114","Pv18-0820","4-Apr-2018","Red Salmon Slough"
"18OO0486","SpID.0114","Pv18-0821","24-Apr-2018","Seal Beach"
"18OO0487","SpID.0114","Pv18-0822","24-Apr-2018","Seal Beach"
"18OO0488","SpID.0114","Pv18-0823","24-Apr-2018","Seal Beach"
"18OO0489","SpID.0114","Pv18-0824","24-Apr-2018","Seal Beach"
"18OO0490","SpID.0114","Pv18-0825","24-Apr-2018","Red Salmon Slough"
"18OO0491","SpID.0114","Pv18-0826","24-Apr-2018","Red Salmon Slough"
"18OO0492","SpID.0114","Pv18-0827","24-Apr-2018","Red Salmon Slough"
"18OO0493","SpID.0114","Pv18-0828","24-Apr-2018","Red Salmon Slough"
"18OO0494","SpID.0114","Pv18-0829","24-Apr-2018","Red Salmon Slough"
"18OO0495","SpID.0114","Pv18-0830","24-Apr-2018","Red Salmon Slough"
"18OO0496","SpID.0114","Pv18-0831","24-Apr-2018","Red Salmon Slough"
"18OO0497","SpID.0114","Pv18-0832","2-May-2018","Nisqully River Mouth + RSS"
"18OO0498","SpID.0114","Pv18-0833","2-May-2018","Nisqully River Mouth + RSS"
"18OO0499","SpID.0114","Pv18-0834","2-May-2018","Nisqully River Mouth + RSS"
"18OO0500","SpID.0114","Pv18-0835","2-May-2018","Nisqully River Mouth + RSS"
"18OO0501","SpID.0114","Pv18-0836","2-May-2018","Nisqully River Mouth + RSS"
"18OO0502","SpID.0114","Pv18-0837","2-May-2018","Nisqully River Mouth + RSS"
"18OO0503","SpID.0114","Pv18-0838","2-May-2018","Nisqully River Mouth + RSS"
"18OO0504","SpID.0114","Pv18-0839","2-May-2018","Nisqully River Mouth + RSS"
"18OO0505","SpID.0114","Pv18-0840","2-May-2018","Nisqully River Mouth + RSS"
"18OO0506","SpID.0114","Pv18-0841","2-May-2018","Nisqully River Mouth + RSS"
"18OO0507","SpID.0114","Pv18-0842","2-May-2018","Nisqully River Mouth + RSS"
"18OO0508","SpID.0114","Pv18-0843","2-May-2018","Nisqully River Mouth + RSS"
"18OO0509","SpID.0114","Pv18-0844","2-May-2018","Nisqully River Mouth + RSS"
"18OO0510","SpID.0114","Pv18-0845","2-May-2018","Nisqully River Mouth + RSS"
"18OO0511","SpID.0114","Pv18-0846","2-May-2018","Nisqully River Mouth + RSS"
"18OO0512","SpID.0114","Pv18-0847","2-May-2018","Nisqully River Mouth + RSS"
"18OO0513","SpID.0114","Pv18-0848","2-May-2018","Nisqully River Mouth + RSS"
"18OO0514","SpID.0114","Pv18-0849","2-May-2018","Nisqully River Mouth + RSS"
"18OO0515","SpID.0114","Pv18-0850","2-May-2018","Nisqully River Mouth + RSS"
"18OO0516","SpID.0114","Pv18-0851","2-May-2018","Nisqully River Mouth + RSS"
"18OO0517","SpID.0114","Pv18-0852","2-May-2018","Nisqully River Mouth + RSS"
"18OO0518","SpID.0114","Pv18-0853","3-May-2018","Red Salmon Slough"
"18OO0519","SpID.0114","Pv18-0854","3-May-2018","Red Salmon Slough"
"18OO0520","SpID.0114","Pv18-0855","3-May-2018","Red Salmon Slough"
"18OO0521","SpID.0114","Pv18-0856","3-May-2018","Red Salmon Slough"
"18OO0522","SpID.0114","Pv18-0857","3-May-2018","Red Salmon Slough"
"18OO0523","SpID.0114","Pv18-0858","3-May-2018","Red Salmon Slough"
"18OO0524","SpID.0114","Pv18-0859","3-May-2018","Red Salmon Slough"
"18OO0525","SpID.0114","Pv18-0860","3-May-2018","Red Salmon Slough"
"18OO0526","SpID.0114","Pv18-0861","3-May-2018","Red Salmon Slough"
"18OO0527","SpID.0114","Pv18-0862","3-May-2018","Seal Beach"
"18OO0528","SpID.0114","Pv18-0863","3-May-2018","Seal Beach"
"18OO0529","SpID.0114","Pv18-0864","3-May-2018","Seal Beach"
"18OO0530","SpID.0114","Pv18-0865","3-May-2018","Seal Beach"
"18OO0531","SpID.0114","Pv18-0866","3-May-2018","Seal Beach"
"18OO0532","SpID.0114","Pv18-0867","3-May-2018","Seal Beach"
"18OO0533","SpID.0114","Pv18-0868","3-May-2018","Seal Beach"
"18OO0534","SpID.0114","Pv18-0869","3-May-2018","Seal Beach"
"18OO0535","SpID.0114","Pv18-0870","7-May-2018","Red Salmon Slough"
"18OO0536","SpID.0114","Pv18-0871","7-May-2018","Red Salmon Slough"
"18OO0537","SpID.0114","Pv18-0872","7-May-2018","Red Salmon Slough"
"18OO0538","SpID.0114","Pv18-0873","7-May-2018","Red Salmon Slough"
"18OO0539","SpID.0114","Pv18-0874","7-May-2018","Red Salmon Slough"
"18OO0540","SpID.0114","Pv18-0875","7-May-2018","Seal Beach"
"18OO0541","SpID.0114","Pv18-0876","7-May-2018","Seal Beach"
"18OO0542","SpID.0114","Pv18-0877","7-May-2018","Seal Beach"
"18OO0543","SpID.0114","Pv18-0878","7-May-2018","Seal Beach"
"18OO0544","SpID.0115","Pv18-0879","7-May-2018","Seal Beach"
"18OO0545","SpID.0115","Pv18-0880","7-May-2018","Seal Beach"
"18OO0546","SpID.0115","Pv18-0881","7-May-2018","Seal Beach"
"18OO0547","SpID.0115","Pv18-0882","7-May-2018","Seal Beach"
"18OO0548","SpID.0115","Pv18-0883","7-May-2018","Seal Beach"
"18OO0549","SpID.0115","Pv18-0884","7-May-2018","Seal Beach"
"18OO0550","SpID.0115","Pv18-0885","7-May-2018","Seal Beach"
"18OO0551","SpID.0115","Pv18-0886","7-May-2018","Seal Beach"
"18OO0552","SpID.0115","Pv18-0887","7-May-2018","Seal Beach"
"18OO0553","SpID.0115","Pv18-0888","7-May-2018","Seal Beach"
"18OO0554","SpID.0115","Pv18-0889","7-May-2018","Seal Beach"
"18OO0555","SpID.0115","Pv18-0890","7-May-2018","Seal Beach"
"18OO0556","SpID.0115","Pv18-0891","17-May-2018","Seal Island"
"18OO0557","SpID.0115","Pv18-0892","17-May-2018","Seal Island"
"18OO0558","SpID.0115","Pv18-0893","17-May-2018","Seal Island"
"18OO0559","SpID.0115","Pv18-0894","17-May-2018","Seal Island"
"18OO0560","SpID.0115","Pv18-0895","17-May-2018","Seal Island"
"18OO0561","SpID.0115","Pv18-0896","17-May-2018","Seal Island"
"18OO0562","SpID.0115","Pv18-0897","17-May-2018","Seal Island"
"18OO0563","SpID.0115","Pv18-0898","17-May-2018","Seal Island"
"18OO0564","SpID.0115","Pv18-0899","17-May-2018","Seal Island"
"18OO0565","SpID.0115","Pv18-0900","17-May-2018","Seal Island"
"18OO0566","SpID.0115","Pv18-0901","17-May-2018","Seal Island"
"18OO0567","SpID.0115","Pv18-0902","17-May-2018","Red Salmon Slough"
"18OO0568","SpID.0115","Pv18-0903","17-May-2018","Red Salmon Slough"
"18OO0569","SpID.0115","Pv18-0904","22-May-2018","Seal Beach"
"18OO0570","SpID.0115","Pv18-0905","22-May-2018","Seal Beach"
"18OO0571","SpID.0115","Pv18-0906","22-May-2018","Seal Beach"
"18OO0572","SpID.0115","Pv18-0907","22-May-2018","Seal Beach"
"18OO0573","SpID.0115","Pv18-0908","22-May-2018","Seal Beach"
"18OO0574","SpID.0115","Pv18-0909","23-May-2018","Red Salmon Slough"
"18OO0575","SpID.0115","Pv18-0910","23-May-2018","Red Salmon Slough"
"18OO0576","SpID.0115","Pv18-0911","23-May-2018","Red Salmon Slough"
"18OO0577","SpID.0115","Pv18-0912","23-May-2018","Red Salmon Slough"
"18OO0578","SpID.0115","Pv18-0913","23-May-2018","Red Salmon Slough"
"18OO0579","SpID.0115","Pv18-0914","23-May-2018","Red Salmon Slough"
"18OO0580","SpID.0115","Pv18-0915","23-May-2018","Red Salmon Slough"
"18OO0581","SpID.0115","Pv18-0916","23-May-2018","Red Salmon Slough"
"18OO0582","SpID.0115","Pv18-0917","23-May-2018","Seal Island"
"18OO0583","SpID.0115","Pv18-0918","23-May-2018","Seal Beach"
"18OO0584","SpID.0115","Pv18-0919","23-May-2018","Seal Beach"
"18OO0585","SpID.0115","Pv18-0920","23-May-2018","Seal Beach"
"18OO0586","SpID.0115","Pv18-0921","23-May-2018","Seal Beach"
"18OO0587","SpID.0115","Pv18-0922","23-May-2018","Seal Beach"
"18OO0588","SpID.0115","Pv18-0923","23-May-2018","Seal Beach"
"18OO0589","SpID.0115","Pv18-0924","1-Jun-2018","Red Salmon Slough"
"18OO0590","SpID.0115","Pv18-0925","1-Jun-2018","Red Salmon Slough"
"18OO0591","SpID.0115","Pv18-0926","1-Jun-2018","Red Salmon Slough"
"18OO0592","SpID.0115","Pv18-0927","1-Jun-2018","Red Salmon Slough"
"18OO0593","SpID.0115","Pv18-0928","1-Jun-2018","Red Salmon Slough"
"18OO0594","SpID.0115","Pv18-0929","1-Jun-2018","Red Salmon Slough"
"18OO0595","SpID.0115","Pv18-0930","1-Jun-2018","Red Salmon Slough"
"18OO0596","SpID.0115","Pv18-0931","1-Jun-2018","Red Salmon Slough"
"18OO0597","SpID.0115","Pv18-0932","8-Jun-2018","Seal Beach"
"18OO0598","SpID.0115","Pv18-0933","8-Jun-2018","Seal Beach"
"18OO0599","SpID.0115","Pv18-0934","8-Jun-2018","Seal Beach"
"18OO0600","SpID.0115","Pv18-0935","8-Jun-2018","Seal Beach"
"18OO0601","SpID.0115","Pv18-0936","8-Jun-2018","Seal Beach"
"18OO0602","SpID.0115","Pv18-0937","8-Jun-2018","Seal Island"
"18OO0603","SpID.0115","Pv18-0938","8-Jun-2018","Seal Island"
"18OO0604","SpID.0115","Pv18-0939","8-Jun-2018","Seal Island"
"18OO0605","SpID.0115","Pv18-0940","8-Jun-2018","Seal Island"
"18OO0606","SpID.0115","Pv18-0941","8-Jun-2018","Seal Island"
"18OO0607","SpID.0115","Pv18-0942","8-Jun-2018","Seal Island"
"18OO0608","SpID.0115","Pv18-0943","8-Jun-2018","Seal Island"
"18OO0609","SpID.0115","Pv18-0944","8-Jun-2018","Seal Island"
"18OO0610","SpID.0115","Pv18-0945","8-Jun-2018","Seal Island"
"18OO0611","SpID.0115","Pv18-0946","8-Jun-2018","Seal Island"
"18OO0612","SpID.0115","Pv18-0947","8-Jun-2018","Seal Island"
"18OO0613","SpID.0115","Pv18-0948","8-Jun-2018","Seal Island"
"18OO0614","SpID.0115","Pv18-0949","8-Jun-2018","Seal Island"
"18OO0615","SpID.0115","Pv18-0950","8-Jun-2018","Seal Island"
"18OO0616","SpID.0115","Pv18-0951","8-Jun-2018","Seal Island"
"18OO0617","SpID.0115","Pv18-0952","8-Jun-2018","Seal Island"
"18OO0618","SpID.0115","Pv18-0953","8-Jun-2018","Seal Island"
"18OO0619","SpID.0115","Pv18-0954","19-Jun-2018","Red Salmon Slough"
"18OO0620","SpID.0115","Pv18-0955","19-Jun-2018","Red Salmon Slough"
"18OO0621","SpID.0115","Pv18-0956","19-Jun-2018","Seal Beach"
"18OO0622","SpID.0115","Pv18-0957","19-Jun-2018","Seal Beach"
"18OO0623","SpID.0115","Pv18-0958","19-Jun-2018","Seal Beach"
"18OO0624","SpID.0115","Pv18-0959","19-Jun-2018","Seal Beach"
"18OO0625","SpID.0115","Pv18-0960","19-Jun-2018","Seal Beach"
"18OO0626","SpID.0115","Pv18-0961","19-Jun-2018","Seal Beach"
"18OO0627","SpID.0115","Pv18-0962","29-Jun-2018","Red Salmon Slough"
"18OO0628","SpID.0115","Pv18-0963","29-Jun-2018","Seal Beach"
"18OO0629","SpID.0115","Pv18-0964","29-Jun-2018","Seal Beach"
"18OO0630","SpID.0115","Pv18-0965","29-Jun-2018","Seal Beach"
"18OO0631","SpID.0115","Pv18-0966","29-Jun-2018","Seal Beach"
"18OO0632","SpID.0115","Pv18-0967","29-Jun-2018","Seal Beach"
"18OO0633","SpID.0115","Pv18-0968","29-Jun-2018","Seal Beach"
"18OO0634","SpID.0115","Pv18-0969","29-Jun-2018","Seal Beach"
"18OO0635","SpID.0116","Pv18-0970","29-Jun-2018","Seal Beach"
"18OO0636","SpID.0116","Pv18-0971","29-Jun-2018","Seal Beach"
"18OO0637","SpID.0117","Pv18-0972","29-Jun-2018","Seal Beach"
"18OO0638","SpID.0116","Pv18-0973","29-Jun-2018","Seal Beach"
"18OO0639","SpID.0116","Pv18-0974","29-Jun-2018","Seal Beach"
"18OO0640","SpID.0116","Pv18-0975","29-Jun-2018","Seal Beach"
"18OO0641","SpID.0116","Pv18-0976","29-Jun-2018","Seal Beach"
"18OO0642","SpID.0116","Pv18-0977","29-Jun-2018","Seal Beach"
"18OO0643","SpID.0116","Pv18-0978","29-Jun-2018","Seal Beach"
"18OO0644","SpID.0116","Pv18-0979","29-Jun-2018","Seal Beach"
"18OO0645","SpID.0116","Pv18-0980","29-Jun-2018","Seal Beach"
"18OO0646","SpID.0116","Pv18-0981","29-Jun-2018","Seal Beach"
"18OO0647","SpID.0116","Pv18-0982","29-Jun-2018","Seal Beach"
"18OO0648","SpID.0116","Pv18-0983","29-Jun-2018","Seal Beach"
"18OO0649","SpID.0116","Pv18-0984","29-Jun-2018","Seal Beach"
"18OO0650","SpID.0116","Pv18-0985","29-Jun-2018","Seal Beach"
"18OO0651","SpID.0116","Pv18-0986","29-Jun-2018","Seal Beach"
"18OO0652","SpID.0116","Pv18-0987","29-Jun-2018","Seal Beach"
"18OO0653","SpID.0116","Pv18-0988","29-Jun-2018","Seal Beach"
"18OO0654","SpID.0116","Pv18-0989","29-Jun-2018","Seal Beach"
"18OO0655","SpID.0116","Pv18-0990","29-Jun-2018","Seal Beach"
"18OO0656","SpID.0116","Pv18-0991","29-Jun-2018","Seal Beach"
"18QY0001","SpID.0160","Pv18-0001","15-Feb-2018","Eagle Island"
"18QY0002","SpID.0160","Pv18-0002","15-Feb-2018","Eagle Island"
"18QY0003","SpID.0160","Pv18-0003","15-Feb-2018","Eagle Island"
"18QY0004","SpID.0160","Pv18-0004","15-Feb-2018","Eagle Island"
"18QY0005","SpID.0160","Pv18-0005","15-Feb-2018","Eagle Island"
"18QY0006","SpID.0160","Pv18-0006","15-Feb-2018","Eagle Island"
"18QY0007","SpID.0160","Pv18-0007","15-Feb-2018","Eagle Island"
"18QY0008","SpID.0160","Pv18-0008","15-Feb-2018","Eagle Island"
"18QY0009","SpID.0160","Pv18-0009","15-Feb-2018","Eagle Island"
"18QY0010","SpID.0160","Pv18-0010","15-Feb-2018","Eagle Island"
"18QY0011","SpID.0160","Pv18-0011","15-Feb-2018","Eagle Island"
"18QY0012","SpID.0160","Pv18-0012","15-Feb-2018","Eagle Island"
"18QY0013","SpID.0160","Pv18-0992","12-Oct-2018","Commencement Bay"
"18QY0014","SpID.0160","Pv18-0993","12-Oct-2018","Commencement Bay"
"18QY0015","SpID.0160","Pv18-0994","12-Oct-2018","Commencement Bay"
"18QY0016","SpID.0160","Pv18-0996","12-Oct-2018","Commencement Bay"
"18QY0017","SpID.0160","Pv18-0997","12-Oct-2018","Commencement Bay"
"18QY0018","SpID.0160","Pv18-0998","12-Oct-2018","Commencement Bay"
"18QY0019","SpID.0160","Pv18-0999","12-Oct-2018","Commencement Bay"
"18QY0020","SpID.0160","Pv18-1000","12-Oct-2018","Commencement Bay"
"18QY0021","SpID.0160","Pv18-1001","12-Oct-2018","Commencement Bay"
"18QY0022","SpID.0160","Pv18-1002","12-Oct-2018","Commencement Bay"
"18QY0023","SpID.0158","Pv18-1003","12-Oct-2018","Commencement Bay"
"18QY0024","SpID.0158","Pv18-1004","12-Oct-2018","Commencement Bay"
"18QY0025","SpID.0158","Pv18-1005","12-Oct-2018","Commencement Bay"
"18QY0026","SpID.0158","Pv18-1006","12-Oct-2018","Commencement Bay"
"18QY0027","SpID.0158","Pv18-1007","12-Oct-2018","Commencement Bay"
"18QY0028","SpID.0158","Pv18-1008","12-Oct-2018","Commencement Bay"
"18QY0029","SpID.0158","Pv18-1009","12-Oct-2018","Commencement Bay"
"18QY0030","SpID.0158","Pv18-1010","12-Oct-2018","Commencement Bay"
"18QY0031","SpID.0154","Pv18-1011","12-Oct-2018","Commencement Bay"
"18QY0032","SpID.0154","Pv18-1012","12-Oct-2018","Commencement Bay"
"18QY0033","SpID.0154","Pv18-1013","12-Oct-2018","Commencement Bay"
"18QY0034","SpID.0154","Pv18-1014","12-Oct-2018","Commencement Bay"
"18QY0035","SpID.0154","Pv18-1015","12-Oct-2018","Commencement Bay"
"18QY0036","SpID.0154","Pv18-1016","12-Oct-2018","Commencement Bay"
"18QY0037","SpID.0154","Pv18-1017","12-Oct-2018","Commencement Bay"
"18QY0038","SpID.0154","Pv18-1018","12-Oct-2018","Commencement Bay"
"18QY0039","SpID.0154","Pv18-1019","12-Oct-2018","Commencement Bay"
"18QY0040","SpID.0154","Pv18-1020","12-Oct-2018","Commencement Bay"
"18QY0041","SpID.0154","Pv18-1021","12-Oct-2018","Commencement Bay"
"18QY0042","SpID.0154","Pv18-1022","12-Oct-2018","Commencement Bay"
"18QY0043","SpID.0154","Pv18-1023","12-Oct-2018","Commencement Bay"
"18QY0044","SpID.0154","Pv18-1024","12-Oct-2018","Commencement Bay"
"18QY0045","SpID.0154","Pv18-1025","12-Oct-2018","Commencement Bay"
"18QY0046","SpID.0154","Pv18-1026","12-Oct-2018","Commencement Bay"
"18QY0047","SpID.0154","Pv18-1027","12-Oct-2018","Commencement Bay"
"18QY0048","SpID.0154","Pv18-1028","12-Oct-2018","Commencement Bay"
"18QY0049","SpID.0154","Pv18-1029","12-Oct-2018","Commencement Bay"
"18QY0050","SpID.0154","Pv18-1030","12-Oct-2018","Commencement Bay"
"18QY0051","SpID.0154","Pv18-1031","12-Oct-2018","Commencement Bay"
"18QY0052","SpID.0154","Pv18-1032","12-Oct-2018","Commencement Bay"
"18QY0053","SpID.0154","Pv18-1033","12-Oct-2018","Commencement Bay"
"18QY0054","SpID.0154","Pv18-1034","12-Oct-2018","Commencement Bay"
"18QY0055","SpID.0154","Pv18-1035","12-Oct-2018","Commencement Bay"
"18QY0056","SpID.0154","Pv18-1036","12-Oct-2018","Commencement Bay"
"18QY0057","SpID.0154","Pv18-1037","12-Oct-2018","Commencement Bay"
"18QY0058","SpID.0154","Pv18-1038","12-Oct-2018","Commencement Bay"
"18QY0059","SpID.0154","Pv18-1039","12-Oct-2018","Commencement Bay"
"18QY0060","SpID.0154","Pv18-1040","12-Oct-2018","Commencement Bay"
"18QY0061","SpID.0154","Pv18-1041","12-Oct-2018","Commencement Bay"
"18QY0062","SpID.0154","Pv18-1042","12-Oct-2018","Commencement Bay"
"18QY0063","SpID.0154","Pv18-1043","12-Oct-2018","Commencement Bay"
"18QY0064","SpID.0154","Pv18-1044","12-Oct-2018","Commencement Bay"
"18QY0065","SpID.0154","Pv18-1045","12-Oct-2018","Commencement Bay"
"18QY0066","SpID.0154","Pv18-1046","12-Oct-2018","Commencement Bay"
"18QY0067","SpID.0154","Pv18-1047","12-Oct-2018","Commencement Bay"
"18QY0068","SpID.0154","Pv18-1048","12-Oct-2018","Commencement Bay"
"18QY0069","SpID.0154","Pv18-1049","12-Oct-2018","Commencement Bay"
"18QY0070","SpID.0154","Pv18-1050","12-Oct-2018","Commencement Bay"
"18QY0071","SpID.0154","Pv18-1051","12-Oct-2018","Commencement Bay"
"18QY0072","SpID.0154","Pv18-1052","12-Oct-2018","Commencement Bay"
"18QY0073","SpID.0154","Pv18-1053","12-Oct-2018","Cutts Island"
"18QY0074","SpID.0154","Pv18-1054","12-Oct-2018","Cutts Island"
"18QY0075","SpID.0154","Pv18-1055","12-Oct-2018","Cutts Island"
"18QY0076","SpID.0154","Pv18-1056","12-Oct-2018","Cutts Island"
"18QY0077","SpID.0154","Pv18-1057","12-Oct-2018","Cutts Island"
"18QY0078","SpID.0154","Pv18-1058","12-Oct-2018","Cutts Island"
"18QY0079","SpID.0154","Pv18-1059","12-Oct-2018","Cutts Island"
"18QY0080","SpID.0154","Pv18-1060","12-Oct-2018","Cutts Island"
"18QY0081","SpID.0154","Pv18-1061","12-Oct-2018","Cutts Island"
"18QY0082","SpID.0154","Pv18-1062","12-Oct-2018","Cutts Island"
"18QY0083","SpID.0154","Pv18-1063","12-Oct-2018","Cutts Island"
"18QY0084","SpID.0154","Pv18-1064","12-Oct-2018","Cutts Island"
"18QY0085","SpID.0154","Pv18-1065","12-Oct-2018","Cutts Island"
"18QY0086","SpID.0154","Pv18-1066","12-Oct-2018","Cutts Island"
"18QY0087","SpID.0154","Pv18-1067","12-Oct-2018","Cutts Island"
"18QY0088","SpID.0154","Pv18-1068","12-Oct-2018","Cutts Island"
"18QY0089","SpID.0154","Pv18-1069","12-Oct-2018","Cutts Island"
"18QY0090","SpID.0154","Pv18-1070","12-Oct-2018","Cutts Island"
"18QY0091","SpID.0154","Pv18-1071","12-Oct-2018","Cutts Island"
"18QY0092","SpID.0154","Pv18-1072","12-Oct-2018","Cutts Island"
"18QY0093","SpID.0154","Pv18-1073","12-Oct-2018","Cutts Island"
"18QY0094","SpID.0154","Pv18-1074","12-Sep-2018","Cutts Island"
"18QY0095","SpID.0154","Pv18-1075","12-Sep-2018","Cutts Island"
"18QY0096","SpID.0154","Pv18-1076","12-Sep-2018","Cutts Island"
"18QY0097","SpID.0154","Pv18-1077","12-Sep-2018","Cutts Island"
"18QY0098","SpID.0154","Pv18-1078","12-Sep-2018","Cutts Island"
"18QY0099","SpID.0154","Pv18-1079","12-Sep-2018","Cutts Island"
"18QY0100","SpID.0154","Pv18-1080","12-Sep-2018","Cutts Island"
"18QY0101","SpID.0154","Pv18-1081","10-Sep-2018","Gertrude Island"
"18QY0102","SpID.0154","Pv18-1082","10-Sep-2018","Gertrude Island"
"18QY0103","SpID.0154","Pv18-1083","10-Sep-2018","Gertrude Island"
"18QY0104","SpID.0154","Pv18-1084","10-Sep-2018","Gertrude Island"
"18QY0105","SpID.0154","Pv18-1085","10-Sep-2018","Gertrude Island"
"18QY0106","SpID.0154","Pv18-1086","10-Sep-2018","Gertrude Island"
"18QY0107","SpID.0154","Pv18-1087","10-Sep-2018","Gertrude Island"
"18QY0108","SpID.0154","Pv18-1088","10-Sep-2018","Gertrude Island"
"18QY0109","SpID.0154","Pv18-1089","10-Sep-2018","Gertrude Island"
"18QY0110","SpID.0154","Pv18-1090","10-Sep-2018","Gertrude Island"
"18QY0111","SpID.0154","Pv18-1091","10-Sep-2018","Gertrude Island"
"18QY0112","SpID.0154","Pv18-1092","10-Sep-2018","Gertrude Island"
"18QY0113","SpID.0154","Pv18-1093","10-Sep-2018","Gertrude Island"
"18QY0114","SpID.0154","Pv18-1094","10-Sep-2018","Gertrude Island"
"18QY0115","SpID.0154","Pv18-1095","10-Sep-2018","Gertrude Island"
"18QY0116","SpID.0154","Pv18-1096","10-Sep-2018","Gertrude Island"
"18QY0117","SpID.0154","Pv18-1097","12-Sep-2018","Commencement Bay"
"18QY0118","SpID.0154","Pv18-1098","12-Sep-2018","Commencement Bay"
"18QY0119","SpID.0154","Pv18-1099","12-Sep-2018","Commencement Bay"
"18QY0120","SpID.0154","Pv18-1100","12-Sep-2018","Commencement Bay"
"18QY0121","SpID.0154","Pv18-1101","12-Sep-2018","Commencement Bay"
"18QY0122","SpID.0154","Pv18-1102","12-Sep-2018","Commencement Bay"
"18QY0123","SpID.0155","Pv18-1103","12-Sep-2018","Commencement Bay"
"18QY0124","SpID.0155","Pv18-1104","12-Sep-2018","Commencement Bay"
"18QY0125","SpID.0155","Pv18-1105","12-Sep-2018","Commencement Bay"
"18QY0126","SpID.0155","Pv18-1106","12-Sep-2018","Commencement Bay"
"18QY0127","SpID.0155","Pv18-1107","12-Sep-2018","Commencement Bay"
"18QY0128","SpID.0155","Pv18-1108","12-Sep-2018","Commencement Bay"
"18QY0129","SpID.0155","Pv18-1109","12-Sep-2018","Commencement Bay"
"18QY0130","SpID.0155","Pv18-1110","12-Sep-2018","Commencement Bay"
"18QY0131","SpID.0155","Pv18-1111","12-Sep-2018","Commencement Bay"
"18QY0132","SpID.0155","Pv18-1112","12-Sep-2018","Commencement Bay"
"18QY0133","SpID.0155","Pv18-1113","12-Sep-2018","Commencement Bay"
"18QY0134","SpID.0155","Pv18-1114","12-Sep-2018","Commencement Bay"
"18QY0135","SpID.0155","Pv18-1115","12-Sep-2018","Commencement Bay"
"18QY0136","SpID.0155","Pv18-1116","12-Sep-2018","Commencement Bay"
"18QY0137","SpID.0155","Pv18-1117","12-Sep-2018","Commencement Bay"
"18QY0138","SpID.0155","Pv18-1118","12-Sep-2018","Commencement Bay"
"18QY0139","SpID.0155","Pv18-1119","12-Sep-2018","Commencement Bay"
"18QY0140","SpID.0155","Pv18-1120","12-Sep-2018","Commencement Bay"
"18QY0141","SpID.0155","Pv18-1121","12-Sep-2018","Commencement Bay"
"18QY0142","SpID.0155","Pv18-1122","12-Sep-2018","Commencement Bay"
"18QY0143","SpID.0155","Pv18-1123","12-Sep-2018","Commencement Bay"
"18QY0144","SpID.0155","Pv18-1124","12-Sep-2018","Commencement Bay"
"18QY0145","SpID.0155","Pv18-1125","12-Sep-2018","Commencement Bay"
"18QY0146","SpID.0155","Pv18-1126","12-Sep-2018","Commencement Bay"
"18QY0147","SpID.0155","Pv18-1127","12-Sep-2018","Commencement Bay"
"18QY0148","SpID.0155","Pv18-1128","12-Sep-2018","Commencement Bay"
"18QY0149","SpID.0155","Pv18-1129","12-Sep-2018","Commencement Bay"
"18QY0150","SpID.0155","Pv18-1130","12-Sep-2018","Commencement Bay"
"18QY0151","SpID.0155","Pv18-1131","12-Sep-2018","Commencement Bay"
"18QY0152","SpID.0155","Pv18-1132","12-Sep-2018","Commencement Bay"
"18QY0153","SpID.0155","Pv18-1133","12-Sep-2018","Commencement Bay"
"18QY0154","SpID.0155","Pv18-1134","12-Sep-2018","Commencement Bay"
"18QY0155","SpID.0155","Pv18-1135","12-Sep-2018","Commencement Bay"
"18QY0156","SpID.0155","Pv18-1136","12-Sep-2018","Commencement Bay"
"18QY0157","SpID.0155","Pv18-1137","12-Sep-2018","Commencement Bay"
"18QY0158","SpID.0155","Pv18-1138","12-Sep-2018","Commencement Bay"
"18QY0159","SpID.0155","Pv18-1139","12-Sep-2018","Commencement Bay"
"18QY0160","SpID.0155","Pv18-1140","12-Sep-2018","Commencement Bay"
"18QY0161","SpID.0155","Pv18-1141","12-Sep-2018","Commencement Bay"
"18QY0162","SpID.0155","Pv18-1142","12-Sep-2018","Commencement Bay"
"18QY0163","SpID.0155","Pv18-1143","12-Sep-2018","Commencement Bay"
"18QY0164","SpID.0155","Pv18-1144","12-Sep-2018","Commencement Bay"
"18QY0165","SpID.0155","Pv18-1145","12-Sep-2018","Commencement Bay"
"18QY0166","SpID.0155","Pv18-1146","12-Sep-2018","Commencement Bay"
"18QY0167","SpID.0155","Pv18-1147","12-Sep-2018","Commencement Bay"
"18QY0168","SpID.0155","Pv18-1148","12-Sep-2018","Commencement Bay"
"18QY0169","SpID.0155","Pv18-1149","12-Sep-2018","Commencement Bay"
"18QY0170","SpID.0155","Pv18-1150","12-Sep-2018","Commencement Bay"
"18QY0171","SpID.0155","Pv18-1151","12-Sep-2018","Commencement Bay"
"18QY0172","SpID.0155","Pv18-1152","12-Sep-2018","Commencement Bay"
"18QY0173","SpID.0155","Pv18-1153","12-Sep-2018","Commencement Bay"
"18QY0174","SpID.0155","Pv18-1154","12-Sep-2018","Commencement Bay"
"18QY0175","SpID.0155","Pv18-1155","12-Sep-2018","Commencement Bay"
"18QY0176","SpID.0155","Pv18-1156","12-Sep-2018","Commencement Bay"
"18QY0177","SpID.0155","Pv18-1157","12-Sep-2018","Commencement Bay"
"18QY0178","SpID.0155","Pv18-1158","12-Sep-2018","Commencement Bay"
"18QY0179","SpID.0155","Pv18-1159","12-Sep-2018","Commencement Bay"
"18QY0180","SpID.0155","Pv18-1160","12-Sep-2018","Commencement Bay"
"18QY0181","SpID.0155","Pv18-1161","12-Sep-2018","Commencement Bay"
"18QY0182","SpID.0155","Pv18-1162","12-Sep-2018","Commencement Bay"
"18QY0183","SpID.0155","Pv18-1163","12-Sep-2018","Commencement Bay"
"18QY0184","SpID.0155","Pv18-1164","12-Sep-2018","Commencement Bay"
"18QY0185","SpID.0155","Pv18-1165","12-Sep-2018","Commencement Bay"
"18QY0186","SpID.0155","Pv18-1166","12-Sep-2018","Commencement Bay"
"18QY0187","SpID.0155","Pv18-1167","12-Sep-2018","Commencement Bay"
"18QY0188","SpID.0155","Pv18-1168","12-Sep-2018","Commencement Bay"
"18QY0189","SpID.0155","Pv18-1169","15-Feb-2018","Commencement Bay"
"18QY0190","SpID.0155","Pv18-1170","15-Feb-2018","Commencement Bay"
"18QY0191","SpID.0155","Pv18-1171","15-Feb-2018","Commencement Bay"
"18QY0192","SpID.0155","Pv18-1172","15-Feb-2018","Commencement Bay"
"18QY0193","SpID.0155","Pv18-1173","15-Feb-2018","Commencement Bay"
"18QY0194","SpID.0155","Pv18-1174","15-Feb-2018","Commencement Bay"
"18QY0195","SpID.0155","Pv18-1175","15-Feb-2018","Commencement Bay"
"18QY0196","SpID.0155","Pv18-1176","15-Feb-2018","Commencement Bay"
"18QY0197","SpID.0155","Pv18-1177","15-Feb-2018","Commencement Bay"
"18QY0198","SpID.0155","Pv18-1178","15-Feb-2018","Commencement Bay"
"18QY0199","SpID.0155","Pv18-1179","15-Feb-2018","Commencement Bay"
"18QY0200","SpID.0155","Pv18-1180","15-Feb-2018","Commencement Bay"
"18QY0201","SpID.0155","Pv18-1181","15-Feb-2018","Commencement Bay"
"18QY0202","SpID.0155","Pv18-1182","15-Feb-2018","Commencement Bay"
"18QY0203","SpID.0155","Pv18-1183","15-Feb-2018","Commencement Bay"
"18QY0204","SpID.0155","Pv18-1184","15-Feb-2018","Commencement Bay"
"18QY0205","SpID.0155","Pv18-1185","15-Feb-2018","Commencement Bay"
"18QY0206","SpID.0155","Pv18-1186","15-Feb-2018","Commencement Bay"
"18QY0207","SpID.0155","Pv18-1187","15-Feb-2018","Commencement Bay"
"18QY0208","SpID.0155","Pv18-1188","15-Feb-2018","Commencement Bay"
"18QY0209","SpID.0155","Pv18-1189","15-Feb-2018","Commencement Bay"
"18QY0210","SpID.0155","Pv18-1190","15-Feb-2018","Commencement Bay"
"18QY0211","SpID.0158","Pv18-1191","15-Feb-2018","Commencement Bay"
"18QY0212","SpID.0155","Pv18-1192","15-Feb-2018","Commencement Bay"
"18QY0213","SpID.0155","Pv18-1193","15-Feb-2018","Commencement Bay"
"18QY0214","SpID.0155","Pv18-1194","15-Feb-2018","Commencement Bay"
"18QY0215","SpID.0155","Pv18-1195","15-Feb-2018","Commencement Bay"
"18QY0216","SpID.0150","Pv18-1196","15-Feb-2018","Commencement Bay"
"18QY0217","SpID.0150","Pv18-1197","27-Feb-2018","Cutts Island"
"18QY0218","SpID.0150","Pv18-1198","27-Feb-2018","Cutts Island"
"18QY0219","SpID.0150","Pv18-1199","27-Feb-2018","Cutts Island"
"18QY0220","SpID.0150","Pv18-1200","27-Feb-2018","Cutts Island"
"18QY0221","SpID.0150","Pv18-1201","27-Feb-2018","Cutts Island"
"18QY0222","SpID.0150","Pv18-1202","27-Feb-2018","Cutts Island"
"18QY0223","SpID.0150","Pv18-1203","27-Feb-2018","Eagle Island"
"18QY0224","SpID.0150","Pv18-1204","27-Feb-2018","Eagle Island"
"18QY0225","SpID.0150","Pv18-1205","27-Feb-2018","Woodard Bay"
"18QY0226","SpID.0150","Pv18-1206","27-Feb-2018","Woodard Bay"
"18QY0227","SpID.0150","Pv18-1207","27-Feb-2018","Woodard Bay"
"18QY0228","SpID.0150","Pv18-1208","27-Feb-2018","Woodard Bay"
"18QY0229","SpID.0150","Pv18-1209","27-Feb-2018","Woodard Bay"
"18QY0230","SpID.0150","Pv18-1210","27-Feb-2018","Woodard Bay"
"18QY0231","SpID.0150","Pv18-1211","27-Feb-2018","Woodard Bay"
"18QY0232","SpID.0150","Pv18-1212","27-Feb-2018","Woodard Bay"
"18QY0233","SpID.0150","Pv18-1213","27-Feb-2018","Woodard Bay"
"18QY0234","SpID.0150","Pv18-1214","27-Feb-2018","Woodard Bay"
"18QY0235","SpID.0150","Pv18-1215","27-Feb-2018","Woodard Bay"
"18QY0236","SpID.0150","Pv18-1216","27-Feb-2018","Woodard Bay"
"18QY0237","SpID.0150","Pv18-1217","27-Feb-2018","Woodard Bay"
"18QY0238","SpID.0150","Pv18-1218","17-Aug-2018","Commencement Bay"
"18QY0239","SpID.0150","Pv18-1219","17-Aug-2018","Commencement Bay"
"18QY0240","SpID.0150","Pv18-1220","17-Aug-2018","Commencement Bay"
"18QY0241","SpID.0150","Pv18-1221","17-Aug-2018","Commencement Bay"
"18QY0242","SpID.0150","Pv18-1222","17-Aug-2018","Commencement Bay"
"18QY0243","SpID.0150","Pv18-1223","17-Aug-2018","Commencement Bay"
"18QY0244","SpID.0150","Pv18-1224","17-Aug-2018","Commencement Bay"
"18QY0245","SpID.0150","Pv18-1225","17-Aug-2018","Commencement Bay"
"18QY0246.2","SpID.0150","Pv18-1226","17-Aug-2018","Commencement Bay"
"18QY0246","SpID.0151","Pv18-1227","17-Aug-2018","Commencement Bay"
"18QY0247","SpID.0151","Pv18-1228","17-Aug-2018","Commencement Bay"
"18QY0248","SpID.0151","Pv18-1229","17-Aug-2018","Commencement Bay"
"18QY0249","SpID.0151","Pv18-1230","17-Aug-2018","Commencement Bay"
"18QY0250","SpID.0151","Pv18-1231","17-Aug-2018","Commencement Bay"
"18QY0251","SpID.0151","Pv18-1232","17-Aug-2018","Commencement Bay"
"18QY0252","SpID.0151","Pv18-1233","17-Aug-2018","Commencement Bay"
"18QY0253","SpID.0151","Pv18-1234","17-Aug-2018","Commencement Bay"
"18QY0254","SpID.0151","Pv18-1235","17-Aug-2018","Commencement Bay"
"18QY0255","SpID.0151","Pv18-1236","17-Aug-2018","Commencement Bay"
"18QY0256","SpID.0151","Pv18-1237","17-Aug-2018","Commencement Bay"
"18QY0257","SpID.0151","Pv18-1238","17-Aug-2018","Commencement Bay"
"18QY0258","SpID.0151","Pv18-1239","17-Aug-2018","Commencement Bay"
"18QY0259","SpID.0151","Pv18-1240","17-Aug-2018","Commencement Bay"
"18QY0260","SpID.0151","Pv18-1241","17-Aug-2018","Commencement Bay"
"18QY0261","SpID.0151","Pv18-1242","17-Aug-2018","Commencement Bay"
"18QY0262","SpID.0151","Pv18-1243","17-Aug-2018","Commencement Bay"
"18QY0263","SpID.0151","Pv18-1244","17-Aug-2018","Commencement Bay"
"18QY0264","SpID.0151","Pv18-1245","17-Aug-2018","Commencement Bay"
"18QY0265","SpID.0151","Pv18-1246","17-Aug-2018","Commencement Bay"
"18QY0266","SpID.0151","Pv18-1247","17-Aug-2018","Commencement Bay"
"18QY0267","SpID.0151","Pv18-1248","17-Aug-2018","Commencement Bay"
"18QY0268","SpID.0151","Pv18-1249","17-Aug-2018","Commencement Bay"
"18QY0269","SpID.0151","Pv18-1250","17-Aug-2018","Commencement Bay"
"18QY0270","SpID.0151","Pv18-1251","17-Aug-2018","Commencement Bay"
"18QY0271","SpID.0151","Pv18-1252","17-Aug-2018","Commencement Bay"
"18QY0272","SpID.0151","Pv18-1253","17-Aug-2018","Commencement Bay"
"18QY0273","SpID.0151","Pv18-1254","17-Aug-2018","Commencement Bay"
"18QY0274","SpID.0151","Pv18-1255","17-Aug-2018","Commencement Bay"
"18QY0275","SpID.0151","Pv18-1256","17-Aug-2018","Commencement Bay"
"18QY0276","SpID.0151","Pv18-1257","17-Aug-2018","Commencement Bay"
"18QY0277","SpID.0151","Pv18-1258","17-Aug-2018","Commencement Bay"
"18QY0278","SpID.0151","Pv18-1259","17-Aug-2018","Commencement Bay"
"18QY0279","SpID.0151","Pv18-1260","17-Aug-2018","Commencement Bay"
"18QY0280","SpID.0151","Pv18-1261","17-Aug-2018","Commencement Bay"
"18QY0281","SpID.0151","Pv18-1262","17-Aug-2018","Commencement Bay"
"18QY0282","SpID.0151","Pv18-1263","17-Aug-2018","Commencement Bay"
"18QY0283","SpID.0151","Pv18-1264","17-Aug-2018","Commencement Bay"
"18QY0284","SpID.0151","Pv18-1265","17-Aug-2018","Commencement Bay"
"18QY0285","SpID.0151","Pv18-1266","17-Aug-2018","Commencement Bay"
"18QY0286","SpID.0151","Pv18-1267","17-Aug-2018","Commencement Bay"
"18QY0287","SpID.0151","Pv18-1268","17-Aug-2018","Commencement Bay"
"18QY0288","SpID.0151","Pv18-1269","17-Aug-2018","Commencement Bay"
"18QY0289","SpID.0151","Pv18-1270","17-Aug-2018","Commencement Bay"
"18QY0290","SpID.0151","Pv18-1271","17-Aug-2018","Commencement Bay"
"18QY0291","SpID.0151","Pv18-1272","17-Aug-2018","Commencement Bay"
"18QY0292","SpID.0151","Pv18-1273","17-Aug-2018","Commencement Bay"
"18QY0293","SpID.0151","Pv18-1274","17-Aug-2018","Commencement Bay"
"18QY0294","SpID.0151","Pv18-1275","27-Feb-2018","Commencement Bay"
"18QY0295","SpID.0151","Pv18-1276","27-Feb-2018","Commencement Bay"
"18QY0296","SpID.0151","Pv18-1277","27-Feb-2018","Commencement Bay"
"18QY0297","SpID.0151","Pv18-1278","27-Feb-2018","Commencement Bay"
"18QY0298","SpID.0151","Pv18-1279","27-Feb-2018","Commencement Bay"
"18QY0299","SpID.0151","Pv18-1280","27-Feb-2018","Commencement Bay"
"18QY0300","SpID.0151","Pv18-1281","27-Feb-2018","Commencement Bay"
"18QY0301","SpID.0151","Pv18-1282","27-Feb-2018","Commencement Bay"
"18QY0302","SpID.0151","Pv18-1283","27-Feb-2018","Commencement Bay"
"18QY0303","SpID.0151","Pv18-1284","27-Feb-2018","Commencement Bay"
"18QY0304","SpID.0151","Pv18-1285","27-Feb-2018","Commencement Bay"
"18QY0305","SpID.0151","Pv18-1286","27-Feb-2018","Commencement Bay"
"18QY0306","SpID.0151","Pv18-1287","27-Feb-2018","Commencement Bay"
"18QY0307","SpID.0151","Pv18-1288","27-Feb-2018","Commencement Bay"
"18QY0308","SpID.0151","Pv18-1289","27-Feb-2018","Commencement Bay"
"18QY0309","SpID.0151","Pv18-1290","27-Feb-2018","Commencement Bay"
"18QY0310","SpID.0151","Pv18-1291","27-Feb-2018","Commencement Bay"
"18QY0311","SpID.0151","Pv18-1292","27-Feb-2018","Commencement Bay"
"18QY0312","SpID.0151","Pv18-1293","27-Feb-2018","Commencement Bay"
"18QY0313","SpID.0151","Pv18-1294","27-Feb-2018","Commencement Bay"
"18QY0314","SpID.0151","Pv18-1295","27-Feb-2018","Commencement Bay"
"18QY0315","SpID.0151","Pv18-1296","27-Feb-2018","Commencement Bay"
"18QY0316","SpID.0151","Pv18-1297","27-Feb-2018","Commencement Bay"
"18QY0317","SpID.0151","Pv18-1298","27-Feb-2018","Commencement Bay"
"18QY0318","SpID.0151","Pv18-1299","27-Feb-2018","Commencement Bay"
"18QY0319","SpID.0151","Pv18-1300","27-Feb-2018","Commencement Bay"
"18QY0320","SpID.0151","Pv18-1301","27-Feb-2018","Commencement Bay"
"18QY0321","SpID.0151","Pv18-1302","27-Feb-2018","Commencement Bay"
"18QY0322","SpID.0151","Pv18-1303","22-Jan-2018","Commencement Bay"
"18QY0323","SpID.0151","Pv18-1304","22-Jan-2018","Commencement Bay"
"18QY0324","SpID.0151","Pv18-1305","22-Jan-2018","Commencement Bay"
"18QY0325","SpID.0151","Pv18-1306","22-Jan-2018","Commencement Bay"
"18QY0326","SpID.0151","Pv18-1307","22-Jan-2018","Commencement Bay"
"18QY0327","SpID.0151","Pv18-1308","22-Jan-2018","Commencement Bay"
"18QY0328","SpID.0151","Pv18-1309","22-Jan-2018","Commencement Bay"
"18QY0329","SpID.0151","Pv18-1310","22-Jan-2018","Commencement Bay"
"18QY0330","SpID.0151","Pv18-1311","22-Jan-2018","Commencement Bay"
"18QY0331","SpID.0151","Pv18-1312","22-Jan-2018","Commencement Bay"
"18QY0332","SpID.0151","Pv18-1313","22-Jan-2018","Commencement Bay"
"18QY0333","SpID.0151","Pv18-1314","22-Jan-2018","Commencement Bay"
"18QY0334","SpID.0151","Pv18-1315","22-Jan-2018","Commencement Bay"
"18QY0335","SpID.0151","Pv18-1316","22-Jan-2018","Commencement Bay"
"18QY0336","SpID.0151","Pv18-1317","22-Jan-2018","Commencement Bay"
"18QY0337","SpID.0151","Pv18-1318","22-Jan-2018","Commencement Bay"
"18QY0338","SpID.0152","Pv18-1319","22-Jan-2018","Commencement Bay"
"18QY0339","SpID.0152","Pv18-1320","22-Jan-2018","Commencement Bay"
"18QY0340","SpID.0152","Pv18-1321","22-Jan-2018","Commencement Bay"
"18QY0341","SpID.0152","Pv18-1322","22-Jan-2018","Commencement Bay"
"18QY0342","SpID.0152","Pv18-1323","22-Jan-2018","Commencement Bay"
"18QY0343","SpID.0152","Pv18-1324","22-Jan-2018","Commencement Bay"
"18QY0344","SpID.0152","Pv18-1325","22-Jan-2018","Commencement Bay"
"18QY0345","SpID.0152","Pv18-1326","22-Jan-2018","Commencement Bay"
"18QY0346","SpID.0152","Pv18-1327","22-Jan-2018","Commencement Bay"
"18QY0347","SpID.0152","Pv18-1328","22-Jan-2018","Commencement Bay"
"18QY0348","SpID.0152","Pv18-1329","22-Jan-2018","Commencement Bay"
"18QY0349","SpID.0152","Pv18-1330","22-Jan-2018","Commencement Bay"
"18QY0350","SpID.0152","Pv18-1331","22-Jan-2018","Commencement Bay"
"18QY0351","SpID.0152","Pv18-1332","22-Jan-2018","Commencement Bay"
"18QY0352","SpID.0152","Pv18-1333","22-Jan-2018","Commencement Bay"
"18QY0353","SpID.0152","Pv18-1334","22-Jan-2018","Commencement Bay"
"18QY0354","SpID.0152","Pv18-1335","22-Jan-2018","Commencement Bay"
"18QY0355","SpID.0152","Pv18-1336","22-Jan-2018","Commencement Bay"
"18QY0356","SpID.0152","Pv18-1337","22-Jan-2018","Commencement Bay"
"18QY0357","SpID.0152","Pv18-1338","22-Jan-2018","Commencement Bay"
"18QY0358","SpID.0152","Pv18-1339","22-Jan-2018","Commencement Bay"
"18QY0359","SpID.0152","Pv18-1340","22-Jan-2018","Commencement Bay"
"18QY0360","SpID.0152","Pv18-1341","22-Jan-2018","Commencement Bay"
"18QY0361","SpID.0152","Pv18-1342","22-Jan-2018","Commencement Bay"
"18QY0362","SpID.0152","Pv18-1343","22-Jan-2018","Commencement Bay"
"18QY0363","SpID.0152","Pv18-1344","22-Jan-2018","Commencement Bay"
"18QY0364","SpID.0152","Pv18-1345","22-Jan-2018","Commencement Bay"
"18QY0365","SpID.0152","Pv18-1346","22-Jan-2018","Commencement Bay"
"18QY0366","SpID.0152","Pv18-1347","22-Jan-2018","Commencement Bay"
"18QY0367","SpID.0152","Pv18-1348","22-Jan-2018","Commencement Bay"
"18QY0368","SpID.0152","Pv18-1349","22-Jan-2018","Commencement Bay"
"18QY0369","SpID.0152","Pv18-1350","22-Jan-2018","Commencement Bay"
"18QY0370","SpID.0152","Pv18-1351","22-Jan-2018","Commencement Bay"
"18QY0371","SpID.0152","Pv18-1352","22-Jan-2018","Commencement Bay"
"18QY0372","SpID.0152","Pv18-1353","22-Jan-2018","Commencement Bay"
"18QY0373","SpID.0152","Pv18-1354","22-Jan-2018","Commencement Bay"
"18QY0374","SpID.0152","Pv18-1355","22-Jan-2018","Commencement Bay"
"18QY0375","SpID.0152","Pv18-1356","22-Jan-2018","Commencement Bay"
"18QY0376","SpID.0152","Pv18-1357","22-Jan-2018","Commencement Bay"
"18QY0377","SpID.0152","Pv18-1358","22-Jan-2018","Commencement Bay"
"18QY0378","SpID.0152","Pv18-1359","22-Jan-2018","Commencement Bay"
"18QY0379","SpID.0152","Pv18-1360","22-Jan-2018","Commencement Bay"
"18QY0380","SpID.0152","Pv18-1361","22-Jan-2018","Commencement Bay"
"18QY0381","SpID.0152","Pv18-1362","22-Jan-2018","Commencement Bay"
"18QY0382","SpID.0152","Pv18-1363","22-Jan-2018","Commencement Bay"
"18QY0383","SpID.0152","Pv18-1364","22-Jan-2018","Commencement Bay"
"18QY0384","SpID.0152","Pv18-1365","22-Jan-2018","Commencement Bay"
"18QY0385","SpID.0152","Pv18-1366","22-Jan-2018","Commencement Bay"
"18QY0386","SpID.0152","Pv18-1367","22-Jan-2018","Commencement Bay"
"18QY0387","SpID.0152","Pv18-1368","22-Jan-2018","Commencement Bay"
"18QY0388","SpID.0152","Pv18-1369","22-Jan-2018","Commencement Bay"
"18QY0389","SpID.0152","Pv18-1370","22-Jan-2018","Commencement Bay"
"18QY0390","SpID.0152","Pv18-1371","22-Jan-2018","Commencement Bay"
"18QY0391","SpID.0152","Pv18-1372","22-Jan-2018","Commencement Bay"
"18QY0392","SpID.0152","Pv18-1373","22-Jan-2018","Commencement Bay"
"18QY0393","SpID.0152","Pv18-1374","22-Jan-2018","Commencement Bay"
"18QY0394","SpID.0152","Pv18-1375","23-Jul-2018","Commencement Bay"
"18QY0395","SpID.0152","Pv18-1376","23-Jul-2018","Commencement Bay"
"18QY0396","SpID.0152","Pv18-1377","23-Jul-2018","Commencement Bay"
"18QY0397","SpID.0152","Pv18-1378","23-Jul-2018","Commencement Bay"
"18QY0398","SpID.0152","Pv18-1379","23-Jul-2018","Commencement Bay"
"18QY0399","SpID.0152","Pv18-1380","23-Jul-2018","Commencement Bay"
"18QY0400","SpID.0152","Pv18-1381","23-Jul-2018","Commencement Bay"
"18QY0401","SpID.0152","Pv18-1382","23-Jul-2018","Commencement Bay"
"18QY0402","SpID.0152","Pv18-1383","23-Jul-2018","Commencement Bay"
"18QY0403","SpID.0152","Pv18-1384","23-Jul-2018","Commencement Bay"
"18QY0404","SpID.0152","Pv18-1385","23-Jul-2018","Commencement Bay"
"18QY0405","SpID.0152","Pv18-1386","23-Jul-2018","Commencement Bay"
"18QY0406","SpID.0152","Pv18-1387","23-Jul-2018","Commencement Bay"
"18QY0407","SpID.0152","Pv18-1388","23-Jul-2018","Commencement Bay"
"18QY0408","SpID.0152","Pv18-1389","23-Jul-2018","Commencement Bay"
"18QY0409","SpID.0152","Pv18-1390","23-Jul-2018","Commencement Bay"
"18QY0410","SpID.0152","Pv18-1391","23-Jul-2018","Commencement Bay"
"18QY0411","SpID.0152","Pv18-1392","23-Jul-2018","Commencement Bay"
"18QY0412","SpID.0152","Pv18-1393","23-Jul-2018","Commencement Bay"
"18QY0413","SpID.0152","Pv18-1394","23-Jul-2018","Commencement Bay"
"18QY0414","SpID.0152","Pv18-1395","23-Jul-2018","Commencement Bay"
"18QY0415","SpID.0152","Pv18-1396","23-Jul-2018","Commencement Bay"
"18QY0416","SpID.0152","Pv18-1397","23-Jul-2018","Commencement Bay"
"18QY0417","SpID.0152","Pv18-1398","23-Jul-2018","Commencement Bay"
"18QY0418","SpID.0152","Pv18-1399","23-Jul-2018","Commencement Bay"
"18QY0419","SpID.0152","Pv18-1400","23-Jul-2018","Commencement Bay"
"18QY0420","SpID.0152","Pv18-1401","23-Jul-2018","Commencement Bay"
"18QY0421","SpID.0152","Pv18-1402","23-Jul-2018","Commencement Bay"
"18QY0422","SpID.0152","Pv18-1403","23-Jul-2018","Commencement Bay"
"18QY0423","SpID.0152","Pv18-1404","23-Jul-2018","Commencement Bay"
"18QY0424","SpID.0152","Pv18-1405","23-Jul-2018","Commencement Bay"
"18QY0425","SpID.0152","Pv18-1406","23-Jul-2018","Commencement Bay"
"18QY0426","SpID.0152","Pv18-1407","23-Jul-2018","Commencement Bay"
"18QY0427","SpID.0152","Pv18-1408","23-Jul-2018","Commencement Bay"
"18QY0428","SpID.0152","Pv18-1409","23-Jul-2018","Commencement Bay"
"18QY0429","SpID.0152","Pv18-1410","23-Jul-2018","Commencement Bay"
"18QY0430","SpID.0153","Pv18-1411","23-Jul-2018","Commencement Bay"
"18QY0431","SpID.0153","Pv18-1412","23-Jul-2018","Commencement Bay"
"18QY0432","SpID.0153","Pv18-1413","23-Jul-2018","Commencement Bay"
"18QY0433","SpID.0153","Pv18-1414","23-Jul-2018","Commencement Bay"
"18QY0434","SpID.0153","Pv18-1415","23-Jul-2018","Commencement Bay"
"18QY0435","SpID.0153","Pv18-1416","23-Jul-2018","Commencement Bay"
"18QY0436","SpID.0153","Pv18-1417","23-Jul-2018","Commencement Bay"
"18QY0437","SpID.0153","Pv18-1418","23-Jul-2018","Commencement Bay"
"18QY0438","SpID.0153","Pv18-1419","23-Jul-2018","Commencement Bay"
"18QY0439","SpID.0153","Pv18-1420","23-Jul-2018","Commencement Bay"
"18QY0440","SpID.0153","Pv18-1421","23-Jul-2018","Commencement Bay"
"18QY0441","SpID.0153","Pv18-1422","23-Jul-2018","Commencement Bay"
"18QY0442","SpID.0153","Pv18-1423","23-Jul-2018","Commencement Bay"
"18QY0443","SpID.0153","Pv18-1424","23-Jul-2018","Commencement Bay"
"18QY0444","SpID.0153","Pv18-1425","23-Jul-2018","Commencement Bay"
"18QY0445","SpID.0153","Pv18-1426","23-Jul-2018","Commencement Bay"
"18QY0446","SpID.0153","Pv18-1427","23-Jul-2018","Commencement Bay"
"18QY0447","SpID.0153","Pv18-1428","23-Jul-2018","Commencement Bay"
"18QY0448","SpID.0153","Pv18-1429","23-Jul-2018","Commencement Bay"
"18QY0449","SpID.0153","Pv18-1430","23-Jul-2018","Commencement Bay"
"18QY0450","SpID.0153","Pv18-1431","23-Jul-2018","Commencement Bay"
"18QY0451","SpID.0153","Pv18-1432","23-Jul-2018","Commencement Bay"
"18QY0452","SpID.0153","Pv18-1433","23-Jul-2018","Commencement Bay"
"18QY0453","SpID.0153","Pv18-1434","23-Jul-2018","Commencement Bay"
"18QY0454","SpID.0153","Pv18-1435","23-Jul-2018","Commencement Bay"
"18QY0455","SpID.0153","Pv18-1436","23-Jul-2018","Commencement Bay"
"18QY0456","SpID.0153","Pv18-1437","23-Jul-2018","Commencement Bay"
"18QY0457","SpID.0153","Pv18-1438","23-Jul-2018","Commencement Bay"
"18QY0458","SpID.0153","Pv18-1439","23-Jul-2018","Commencement Bay"
"18QY0459","SpID.0153","Pv18-1440","23-Jul-2018","Commencement Bay"
"18QY0460","SpID.0153","Pv18-1441","23-Jul-2018","Commencement Bay"
